# Multipolar energy analysis (kT)
# r/AA             exact       total      ionion      iondip      dipdip     ionquad     mucorr
40.4               11.04        11.4        11.1      0.4992    -0.07125     -0.1347       0.397
40.6               10.23       10.23       11.03     -0.8274     0.02135     0.01411     -0.3464
40.8               10.05       10.68       10.98     -0.3192    0.005427    0.006256      0.4861
41                 10.11       10.27       10.94     -0.6355     -0.0355  -0.0007179     -0.1217
41.2               10.11       10.42       10.88     -0.5077     0.01867     0.03316     -0.2182
41.4               10.07       10.31       10.83      -0.524     0.01511    -0.01433    -0.05554
41.6               9.956       10.19       10.78     -0.5889     0.01587    -0.01028    -0.00845
41.8               9.927       10.17       10.72     -0.5537    0.009688   -0.006679    -0.01744
42                 9.876       10.14       10.67     -0.5293    0.008923    -0.01443    -0.02493
42.2               9.947       10.14       10.62     -0.4762    0.009517    -0.01241    -0.02906
42.4               9.885        10.1       10.57     -0.4604    0.005038    -0.02083    -0.03958
42.6               9.825       10.04       10.52     -0.4743    0.006679    -0.01879    -0.04919
42.8               9.863       10.03       10.48     -0.4343    0.006433     -0.0159    -0.03026
43                 9.816       9.987       10.43     -0.4268      0.0047    -0.01742    -0.05041
43.2               9.835       9.976       10.38     -0.3872    0.004985    -0.01943    -0.02419
43.4               9.807       9.948       10.33     -0.3669    0.001555    -0.01728    -0.02751
43.6               9.744       9.869       10.28     -0.4022    0.004751    -0.01705    -0.05468
43.8               9.741        9.85       10.24     -0.3763    0.004213    -0.01503    -0.03312
44                 9.735       9.823       10.19     -0.3531     0.00269    -0.01665    -0.02733
44.2               9.706       9.792       10.14     -0.3397    0.001665     -0.0138       -0.02
44.4                9.67       9.738        10.1     -0.3457     0.00149    -0.01588   -0.008756
44.6                9.66       9.718       10.05     -0.3239    0.003233    -0.01425     -0.0207
44.8               9.609       9.662       10.01     -0.3357    0.004201    -0.01465    -0.03148
45                 9.581       9.629       9.964     -0.3242    0.001882    -0.01254    -0.02129
45.2               9.568        9.61        9.92     -0.2976     0.00145    -0.01313    -0.02191
45.4               9.532       9.571       9.876     -0.2954    0.001523    -0.01096    -0.01622
45.6               9.481       9.516       9.832     -0.3047    0.001758    -0.01314    -0.02016
45.8               9.467       9.495        9.79     -0.2852    0.002154    -0.01156    -0.02018
46                 9.432       9.458       9.747     -0.2776   2.568e-05     -0.0115    -0.02036
46.2               9.404       9.428       9.705      -0.269    0.001911   -0.009981   -0.007868
46.4               9.366       9.386       9.663      -0.268    0.001625    -0.01057    -0.01961
46.6                9.35       9.365       9.621     -0.2455    0.000534    -0.01142    -0.01177
46.8               9.293       9.308        9.58     -0.2628    0.000294   -0.009506   -0.007491
47                 9.271       9.285        9.54     -0.2462    0.000797   -0.009146    -0.01715
47.2               9.238       9.252       9.499     -0.2393     0.00154   -0.009304    -0.01865
47.4               9.195       9.207       9.459     -0.2419    0.001701    -0.01182    -0.02184
47.6               9.161       9.172       9.419     -0.2392    0.001512   -0.009579    -0.01978
47.8                9.14       9.151        9.38     -0.2206   0.0002203   -0.008483    -0.01147
48                  9.12       9.129       9.341     -0.2037    0.000283   -0.008945    -0.01199
48.2               9.067       9.076       9.302     -0.2198   0.0009996   -0.007729    -0.01291
48.4               9.047       9.056       9.264     -0.1995  -5.514e-05   -0.008325    -0.02859
48.6               9.008       9.015       9.226     -0.2033    0.001407   -0.008216    -0.01925
48.8               8.975       8.982       9.188     -0.1985   0.0006337   -0.008198    -0.01215
49                 8.949       8.957        9.15     -0.1881   0.0007158   -0.006427    -0.01688
49.2               8.924       8.929       9.113     -0.1765  -0.0001805   -0.007727   -0.001297
49.4                8.88       8.886       9.076     -0.1819  -0.0003672   -0.008067     -0.0124
49.6               8.846       8.853        9.04     -0.1801   0.0001133    -0.00688   -0.003442
49.8               8.815        8.82       9.003     -0.1762   0.0004775   -0.007425   -0.008065
50                 8.787       8.792       8.967     -0.1677  -0.0006127     -0.0067   -0.006969
50.2               8.758       8.764       8.932     -0.1636  -0.0001131   -0.004143    -0.01262
50.4               8.731       8.736       8.896     -0.1563    0.001042    -0.00526   -0.002717
50.6               8.695       8.697       8.861     -0.1599    0.000596   -0.004102   -0.004368
50.8               8.655        8.66       8.826     -0.1618   0.0005633   -0.005294     -0.0145
51                 8.642       8.647       8.791     -0.1383   6.813e-05   -0.006039   -0.005742
51.2               8.592       8.595       8.757     -0.1552   0.0001461   -0.006869  -0.0009022
51.4               8.566       8.569       8.723     -0.1498    0.001243   -0.004861    -0.01169
51.6               8.543       8.545       8.689     -0.1397  -0.0004855   -0.003821   -0.006577
51.8               8.514       8.518       8.656     -0.1325  -8.714e-05   -0.005255   -0.003908
52                 8.486       8.488       8.622     -0.1307   0.0007132   -0.004205    -0.00829
52.2               8.452       8.455       8.589     -0.1301  -0.0003013   -0.003731   -0.003361
52.4                8.42       8.423       8.556     -0.1292   0.0002579   -0.004793    -0.01261
52.6               8.384       8.387       8.524     -0.1335   0.0004235   -0.004148   -0.009495
52.8               8.371       8.374       8.492      -0.115   0.0003871   -0.003295    0.002009
53                 8.336       8.339        8.46     -0.1178  -0.0001806    -0.00316    -0.00458
53.2               8.309       8.312       8.428     -0.1114  -0.0005197   -0.004338   -0.006407
53.4                8.28       8.283       8.396     -0.1098   0.0003574   -0.004242  -0.0006338
53.6               8.252       8.254       8.365     -0.1087   0.0001871   -0.002877   -0.004182
53.8               8.219       8.221       8.334     -0.1094   2.859e-05   -0.003232    -0.01078
54                 8.196       8.198       8.303     -0.1015   0.0001573   -0.003542   -0.001627
54.2               8.164       8.166       8.272     -0.1029  -0.0001461   -0.003577   -0.003778
54.4                8.13       8.132       8.242     -0.1064  -0.0004965   -0.002743   -0.005667
54.6               8.107        8.11       8.212    -0.09993   0.0008658   -0.003068   -0.003791
54.8               8.089       8.091       8.182     -0.0872   0.0001052   -0.003939   -0.007018
55                  8.05       8.052       8.152    -0.09745  -0.0001614   -0.002843    -0.01195
55.2               8.029       8.031       8.123    -0.08947   8.881e-05    -0.00231    0.002719
55.4               7.997       7.999       8.093    -0.09195  -6.284e-05   -0.002434   -0.004872
55.6               7.972       7.974       8.064    -0.08823   6.536e-05   -0.002284  -0.0006831
55.8               7.944       7.945       8.035    -0.08752  -0.0001225    -0.00238    0.001538
56                 7.924       7.925       8.006    -0.07889  -9.622e-05   -0.002467   -0.006405
56.2               7.891       7.891       7.978     -0.0844    0.000188   -0.002609   -0.002594
56.4               7.867       7.868        7.95    -0.07927  -0.0001233   -0.002236   -0.002731
56.6                7.84        7.84       7.922    -0.07866  -0.0003763   -0.002091   -0.001647
56.8               7.812       7.814       7.894    -0.07759   0.0001825   -0.002686   -0.001858
57                 7.786       7.788       7.866      -0.077   0.0001957   -0.001667   -0.001677
57.2               7.766       7.767       7.839    -0.06956    -0.00038   -0.001896    0.004829
57.4               7.736       7.737       7.811    -0.07058  -8.612e-05   -0.003621   -0.002978
57.6               7.711       7.713       7.784    -0.06882  -4.895e-06   -0.002337   -0.002391
57.8               7.687       7.687       7.757    -0.06707  -0.0003783   -0.002339    0.005864
58                 7.658        7.66        7.73    -0.06843   -5.16e-05   -0.002251   -0.001752
58.2               7.633       7.634       7.704    -0.06797   3.697e-05   -0.001924    0.005958
58.4                7.61       7.611       7.677     -0.0635  -0.0001137   -0.002311    0.001861
58.6               7.588       7.589       7.651    -0.06067   -5.69e-05   -0.002017    0.003068
58.8                7.56       7.561       7.625    -0.06164  -2.356e-05   -0.002044    -0.00464
59                 7.537       7.537       7.599    -0.05973   9.071e-07   -0.002262   -0.001683
59.2               7.515       7.515       7.574    -0.05636  -0.0001133   -0.001823    0.002244
59.4               7.492       7.493       7.548    -0.05339  -0.0001119   -0.001501    0.004193
59.6               7.463       7.464       7.523     -0.0568   9.311e-05   -0.001763     0.00301
59.8               7.439       7.439       7.498    -0.05672  -0.0001274   -0.001705    0.003287
60                 7.418       7.418       7.473    -0.05273   -0.000113   -0.001529   -0.002921
60.2               7.391       7.392       7.448    -0.05392  -0.0001337   -0.001933    0.007061
60.4                7.37       7.371       7.423    -0.05159    0.000185   -0.001344   -0.004534
60.6               7.341       7.342       7.399    -0.05493   4.107e-05   -0.001669    0.005256
60.8               7.327       7.327       7.374    -0.04547  -0.0003177   -0.001231    0.001872
61                 7.304       7.304        7.35     -0.0451  -5.017e-06  -0.0009128    0.004054
61.2                7.28        7.28       7.326    -0.04445   1.872e-05   -0.001377    0.002393
61.4               7.254       7.254       7.302    -0.04625  -0.0002345   -0.001476    0.002246
61.6               7.237       7.237       7.279    -0.03982  -0.0001966   -0.001524    0.002745
61.8               7.209        7.21       7.255    -0.04402   0.0001822    -0.00159    0.002044
62                 7.189        7.19       7.232    -0.04033  -0.0002461   -0.001136  -0.0007209
62.2               7.167       7.167       7.208    -0.03985   -0.000182   -0.000931    0.003743
62.4               7.141       7.141       7.185     -0.0427   2.867e-05   -0.001166    0.001239
62.6               7.121       7.121       7.162    -0.04044   0.0001087   -0.001221    0.008769
62.8               7.099       7.099        7.14    -0.03941  -3.861e-05   -0.000888   -0.002302
63                 7.074       7.075       7.117    -0.04071   8.434e-06   -0.001544  -0.0008769
63.2               7.055       7.055       7.094    -0.03791  -0.0003159    -0.00102    0.006913
63.4               7.029       7.029       7.072    -0.04156   0.0001418   -0.001112    0.004794
63.6               7.014       7.014        7.05    -0.03407  -0.0002045   -0.001036    0.001675
63.8               6.989       6.989       7.028    -0.03697  -0.0001929  -0.0009991    0.003289
64                 6.971       6.971       7.006    -0.03347  -5.559e-05   -0.000692   -0.002947
64.2               6.948       6.948       6.984    -0.03408  -0.0001348   -0.001123    0.007761
64.4               6.928       6.928       6.962    -0.03319   8.198e-05  -0.0008079    0.009681
64.6                6.91        6.91       6.941     -0.0298  -8.095e-05  -0.0006117    0.002485
64.8               6.888       6.888       6.919    -0.03019   -1.02e-05  -0.0005469    0.002227
65                 6.863       6.864       6.898     -0.0332  -0.0001231  -0.0007939    0.004329
65.2                6.84        6.84       6.877    -0.03516  -0.0001838  -0.0009745    0.001127
65.4               6.826       6.826       6.856    -0.02907  -0.0003023  -0.0004048    0.007581
65.6               6.806       6.806       6.835    -0.02738  -0.0003107  -0.0009146   0.0001587
65.8               6.785       6.786       6.814     -0.0271  -0.0002862  -0.0006414    0.006353
66                 6.764       6.764       6.793    -0.02873   3.899e-05   -0.000819    0.003539
66.2               6.748       6.749       6.773    -0.02345  -0.0002302  -0.0005932    -0.00207
66.4               6.725       6.725       6.752    -0.02615  -0.0002393  -0.0008293    0.003784
66.6               6.704       6.704       6.732    -0.02711  -7.847e-05  -0.0007027   -0.002476
66.8               6.684       6.684       6.712    -0.02712  -5.795e-05  -0.0007353   0.0008037
67                 6.665       6.665       6.692    -0.02611  -0.0001824  -0.0006333   -0.001875
67.2               6.645       6.645       6.672    -0.02691  -0.0001051  -0.0001782    0.001764
67.4               6.627       6.627       6.652    -0.02495  -2.995e-05  -0.0004468   -0.001707
67.6               6.609       6.609       6.633    -0.02327   -0.000114  -0.0006556   -0.001471
67.8               6.589        6.59       6.613    -0.02342   6.258e-05  -0.0002144    0.000225
68                 6.568       6.569       6.594    -0.02461  -4.344e-05  -0.0004342   0.0003676
68.2               6.553       6.553       6.574    -0.02085  -9.835e-05  -0.0002549    0.002237
68.4               6.528       6.528       6.555    -0.02618  -0.0001354  -0.0004362    0.004356
68.6               6.515       6.515       6.536    -0.02068  -9.698e-05  -0.0002467   0.0008687
68.8               6.496       6.496       6.517    -0.02049   3.671e-05  -7.349e-05  -0.0002047
69                 6.476       6.476       6.498    -0.02173  -0.0002348  -0.0001913    0.001729
69.2               6.459       6.459       6.479    -0.01955  -0.0002461  -0.0004309    0.001827
69.4               6.441       6.441       6.461     -0.0188  -9.516e-05  -0.0005396    0.003009
69.6                6.42       6.421       6.442    -0.02121   -9.47e-05  -0.0001336   -0.001753
69.8               6.405       6.405       6.424    -0.01755  -0.0001888  -0.0005086    0.003184
70                 6.384       6.384       6.405     -0.0204  -8.659e-05  -0.0006665    0.001112
70.2                6.37        6.37       6.387    -0.01657  -0.0002098  -0.0004646    -0.00127
70.4                6.35       6.351       6.369    -0.01793   1.286e-05  -0.0004191    0.000303
70.6               6.331       6.331       6.351    -0.01942  -7.666e-06  -0.0001001     0.00438
70.8               6.313       6.314       6.333    -0.01882   5.071e-05  -0.0004497    0.003211
71                 6.298       6.298       6.315    -0.01684   5.118e-05  -0.0002357  -0.0002722
71.2               6.279       6.279       6.297    -0.01808  -8.508e-05  -0.0004241  -0.0003915
71.4               6.263       6.263        6.28    -0.01577  -8.157e-05  -0.0004747   -0.003803
71.6               6.245       6.245       6.262    -0.01711  -0.0001264  -0.0001181    0.003034
71.8               6.228       6.228       6.245    -0.01582  -9.392e-05  -0.0003551   0.0004425
72                 6.212       6.212       6.227    -0.01509  -2.211e-05  -0.0003003    0.005227
72.2               6.191       6.191        6.21    -0.01845  -0.0001765  -0.0002078    0.002745
72.4               6.177       6.177       6.193     -0.0157   5.922e-05  -0.0002139   -0.004126
72.6               6.161       6.161       6.176    -0.01478  -0.0001089  -0.0002243    0.006118
72.8               6.147       6.147       6.159    -0.01104   -0.000192  -0.0003447    0.004007
73                 6.127       6.127       6.142     -0.0149   0.0001198  -0.0003878    0.002005
73.2               6.111       6.111       6.125    -0.01424   2.276e-05   0.0001792  -0.0008018
73.4               6.094       6.094       6.109    -0.01369  -0.0001051  -0.0003162  -0.0003834
73.6                6.08        6.08       6.092    -0.01168  -0.0001839  -0.0002759   0.0001821
73.8               6.062       6.062       6.075    -0.01315  -3.975e-05  -0.0002574    0.006609
74                 6.046       6.046       6.059    -0.01278  -0.0001849   -0.000216    0.005251
74.2               6.028       6.028       6.043    -0.01385  -1.179e-05  -0.0003152    0.001405
74.4               6.013       6.013       6.026    -0.01288   5.635e-05  -0.0001915  -0.0002197
74.6               5.997       5.997        6.01     -0.0127   9.167e-05   -0.000209    0.003011
74.8               5.983       5.983       5.994    -0.01105  -0.0002311  -2.531e-05   -0.001795
75                 5.965       5.965       5.978    -0.01301  -0.0001636  -0.0002289  -0.0001346
75.2               5.949       5.949       5.962    -0.01263   -0.000176   -0.000174    0.001149
75.4               5.935       5.935       5.946    -0.01115  -8.233e-05  -0.0002625   0.0002986
75.6               5.919       5.919       5.931    -0.01185  -9.404e-05  -8.861e-05    0.004145
75.8               5.904       5.904       5.915    -0.01085  -5.302e-05  -0.0001614    0.004451
76                  5.89        5.89         5.9     -0.0093  -0.0001181  -0.0001874    0.001625
76.2               5.872       5.872       5.884    -0.01215  -9.984e-05  -0.0001038    0.008512
76.4               5.858       5.858       5.869    -0.01065  -0.0001114   3.277e-05    0.002355
76.6               5.844       5.844       5.853    -0.00896  -0.0001584  -0.0003855     0.00304
76.8               5.827       5.827       5.838    -0.01079  -0.0001256  -0.0001249    0.002879
77                 5.811       5.811       5.823     -0.0117  -0.0001666   3.277e-05   -0.001116
77.2               5.796       5.796       5.808    -0.01182  -6.045e-05  -5.428e-05   0.0002091
77.4               5.781       5.781       5.793     -0.0121  -0.0001384   7.623e-05      0.0022
77.6               5.768       5.768       5.778   -0.009359  -9.478e-05   3.894e-05  -0.0001546
77.8               5.755       5.755       5.763   -0.007923  -6.526e-05  -0.0003074    0.003508
78                 5.739       5.739       5.748   -0.008926   -0.000116   0.0001196   -0.006383
78.2               5.725       5.725       5.734   -0.008534  -8.117e-05  -0.0002399   0.0001608
78.4                5.71        5.71       5.719   -0.008846  -5.459e-05  -8.558e-05    0.001835
78.6               5.696       5.696       5.704    -0.00868  -7.498e-05  -1.918e-06    0.002271
78.8                5.68        5.68        5.69    -0.00951  -6.904e-05  -6.261e-05   -0.003617
79                 5.665       5.665       5.676    -0.01067  -9.829e-05  -5.944e-05   -0.004622
79.2               5.654       5.654       5.661    -0.00696  -0.0001028  -0.0001872    0.002753
79.4               5.639       5.639       5.647   -0.007866   -1.14e-06  -4.778e-05    0.002699
79.6               5.623       5.623       5.633   -0.009255  -8.367e-05  -6.952e-05    0.001525
79.8               5.612       5.612       5.619   -0.006107  -5.281e-05   -0.000112  -0.0004783
80                 5.596       5.596       5.605   -0.008144  -0.0001395  -3.386e-05   -0.003472
80.2               5.583       5.583       5.591   -0.007152  -0.0001427   -0.000198   0.0003952
80.4                5.57        5.57       5.577   -0.006061  -0.0001201  -7.453e-05    0.000925
80.6               5.555       5.555       5.563   -0.007735   1.464e-05   4.699e-05   -0.002143
80.8               5.543       5.543       5.549   -0.005726  -2.701e-05  -0.0002423    -0.00323
81                 5.528       5.528       5.535   -0.006825  -0.0001084  -8.219e-05  -0.0001611
81.2               5.514       5.514       5.522   -0.007633  -3.587e-05  -8.756e-05    0.006126
81.4               5.502       5.502       5.508   -0.006127  -4.503e-05  -0.0002276   -0.001268
81.6               5.488       5.488       5.495   -0.006436  -7.462e-05  -0.0001139   -0.003187
81.8               5.473       5.473       5.481   -0.007731  -8.005e-05  -0.0001175    0.002698
82                  5.46        5.46       5.468   -0.007784  -1.288e-05  -4.353e-05   -0.001969
82.2               5.447       5.447       5.455   -0.007518  -1.223e-05  -1.317e-05   0.0005057
82.4               5.434       5.434       5.441    -0.00731  -6.688e-05   7.002e-05   0.0008736
82.6               5.423       5.423       5.428   -0.005345  -1.817e-05   0.0001464    0.003043
82.8               5.408       5.408       5.415     -0.0066   -0.000134   0.0001104  -0.0001588
83                 5.397       5.397       5.402   -0.004958   -3.86e-05  -9.146e-05   -0.003949
83.2               5.382       5.382       5.389   -0.006939   3.285e-05  -0.0001146   -0.004648
83.4               5.369        5.37       5.376   -0.006507  -7.124e-05   5.645e-05   -0.002559
83.6               5.359       5.359       5.363   -0.004026  -4.393e-05  -0.0001529   0.0005472
83.8               5.345       5.345        5.35   -0.005681  -0.0001271   -4.69e-05    -0.00195
84                 5.332       5.332       5.338   -0.005707  -6.526e-05  -0.0001899    0.002751
84.2               5.321       5.321       5.325   -0.004098   2.839e-05   0.0001181    -0.00421
84.4               5.308       5.308       5.312    -0.00462  -3.367e-05  -3.224e-05  -5.978e-05
84.6               5.293       5.293         5.3   -0.006951  -4.526e-05   2.429e-05   -0.006866
84.8               5.283       5.283       5.287   -0.003545  -4.729e-05  -0.0002975    0.003484
85                 5.268       5.268       5.275   -0.006675  -9.476e-05  -3.273e-05   -0.003545
85.2               5.257       5.257       5.262   -0.005254  -0.0001065   -7.43e-07   -0.001276
85.4               5.243       5.243        5.25   -0.006903  -9.451e-06  -9.934e-05   0.0007657
85.6               5.232       5.232       5.238   -0.005386  -0.0001329  -1.815e-06    0.003211
85.8               5.219       5.219       5.226   -0.006638   1.517e-05   1.784e-05   -0.001155
86                 5.207       5.207       5.214    -0.00626  -8.559e-05  -2.381e-05    0.001903
86.2               5.196       5.196       5.201   -0.005531  -2.263e-05  -9.211e-05   -0.001387
86.4               5.185       5.185       5.189   -0.004665  -6.231e-05  -2.459e-05   -0.001285
86.6               5.173       5.173       5.177    -0.00464  -0.0001273   2.749e-05   0.0001405
86.8               5.161       5.161       5.165   -0.004511    4.13e-05  -0.0001253    0.003737
87                  5.15        5.15       5.154    -0.00381  -3.898e-06  -6.024e-06     0.00365
87.2               5.139       5.139       5.142   -0.002471  -7.386e-05  -5.091e-05    0.003286
87.4               5.124       5.124        5.13   -0.005807  -4.987e-05  -5.788e-05   -0.003547
87.6               5.114       5.114       5.118   -0.004183   -3.97e-05  -9.084e-05    0.001377
87.8               5.103       5.103       5.107   -0.003605  -0.0001031   6.907e-07   -0.001862
88                 5.089       5.089       5.095   -0.005616   4.132e-05  -7.794e-05   -0.001158
88.2               5.079       5.079       5.084   -0.004511     1.6e-05   8.468e-05   0.0007152
88.4               5.068       5.068       5.072   -0.003727   7.929e-05  -7.127e-05   -0.001296
88.6               5.056       5.056       5.061    -0.00418   7.365e-06   2.913e-05   -0.002927
88.8               5.046       5.046       5.049    -0.00277    2.17e-05  -4.695e-05     0.00247
89                 5.034       5.034       5.038   -0.004051   4.913e-05   -7.69e-05    0.002466
89.2               5.023       5.023       5.026   -0.003879  -8.334e-06   0.0001235  -0.0001004
89.4                5.01        5.01       5.015   -0.004718  -4.046e-05  -1.882e-05    0.001801
89.6               5.001       5.001       5.004   -0.003241  -1.142e-05  -1.229e-05    0.003058
89.8               4.987       4.987       4.993   -0.005353  -4.104e-05  -0.0001269    0.003659
90                 4.978       4.978       4.982   -0.004099    8.14e-06   2.823e-05    0.003318
90.2               4.968       4.968       4.971    -0.00245  -4.075e-05  -0.0001054  -0.0008358
90.4               4.956       4.956        4.96   -0.004039  -8.655e-05   4.354e-05   -0.001427
90.6               4.946       4.946       4.949   -0.002667      -2e-05  -5.457e-05  -0.0007661
90.8               4.936       4.936       4.938   -0.002304  -5.913e-05  -1.737e-05    0.006909
91                 4.925       4.925       4.927   -0.001666  -9.944e-06   -0.000128    0.006369
91.2               4.912       4.912       4.916   -0.004294  -5.772e-05   2.584e-05      0.0043
91.4               4.903       4.903       4.906    -0.00285  -4.498e-05   1.552e-06   -0.002093
91.6               4.892       4.892       4.895   -0.002943  -1.248e-06   0.0001217   -0.005314
91.8               4.882       4.882       4.884   -0.002017   6.776e-05  -2.994e-05    0.003616
92                 4.869       4.869       4.874   -0.003956  -3.792e-05  -9.635e-05   -0.002034
92.2                4.86        4.86       4.863   -0.003036  -2.386e-05  -0.0001026  -0.0008437
92.4               4.849       4.849       4.852    -0.00341  -2.882e-05   1.589e-05   -0.001118
92.6               4.839       4.839       4.842   -0.002695  -3.114e-05   6.991e-05    0.001696
92.8                4.83        4.83       4.832   -0.001303  -7.693e-05   3.553e-05    0.001811
93                 4.817       4.817       4.821   -0.003672  -1.233e-05   -4.21e-05   -0.002516
93.2               4.807       4.807       4.811   -0.003559  -9.166e-06   5.542e-05    0.002424
93.4               4.798       4.798         4.8   -0.002266   2.105e-05  -0.0001349   0.0003051
93.6               4.788       4.788        4.79    -0.00229  -1.373e-05    8.49e-05   -0.002264
93.8               4.778       4.778        4.78   -0.001678   -3.42e-05   1.158e-05  -0.0009956
94                 4.767       4.767        4.77   -0.003221  -1.924e-05  -6.606e-07     -0.0046
94.2               4.755       4.755        4.76    -0.00448  -5.748e-05   7.302e-06   0.0001641
94.4               4.747       4.747        4.75    -0.00245  -3.108e-05  -7.185e-05    0.003798
94.6               4.738       4.738        4.74   -0.001509   3.899e-05  -2.636e-07  -0.0007047
94.8               4.728       4.728        4.73   -0.001533   3.387e-06   3.984e-05    0.001999
95                 4.715       4.715        4.72   -0.004964  -3.494e-05   3.515e-05   -0.003011
95.2               4.707       4.707        4.71   -0.003049  -3.313e-05  -9.806e-05  -0.0005133
95.4               4.698       4.698         4.7   -0.001691   4.626e-05  -6.186e-05     0.00106
95.6               4.687       4.687        4.69   -0.002645  -3.227e-05  -6.487e-05   -0.005938
95.8               4.679       4.679        4.68    -0.00157  -4.801e-06  -4.362e-05     0.00146
96                 4.667       4.667        4.67   -0.003128   3.757e-05  -3.793e-05   -0.002555
96.2               4.657       4.657       4.661   -0.003915  -3.102e-05   2.059e-05   -0.002889
96.4               4.648       4.648       4.651   -0.002782   3.529e-05  -1.298e-05    0.006901
96.6               4.639       4.639       4.641   -0.002024   1.966e-05  -5.452e-05   -0.001836
96.8               4.629       4.629       4.632   -0.002586   4.296e-05   5.348e-05   -0.002359
97                  4.62        4.62       4.622   -0.002721  -9.203e-06  -6.281e-05   -0.003768
97.2                4.61        4.61       4.613   -0.002651   5.177e-06  -3.691e-05   7.383e-05
97.4               4.602       4.602       4.603   -0.001466   1.623e-06  -4.097e-05  -0.0007393
97.6               4.591       4.591       4.594   -0.002942    2.04e-05  -0.0001898   -0.001966
97.8               4.584       4.584       4.584  -0.0006249  -1.087e-05   1.254e-05    -0.00322
98                 4.572       4.572       4.575   -0.003568   7.723e-06   5.406e-05    0.003779
98.2               4.563       4.563       4.566   -0.002881   4.018e-05  -4.983e-05    0.004632
98.4               4.556       4.556       4.557  -0.0007436   3.438e-05  -2.827e-05    0.003845
98.6               4.545       4.545       4.547   -0.002747   2.549e-05   1.902e-05   -0.001243
98.8               4.536       4.536       4.538   -0.002507  -4.692e-06  -3.829e-05    0.002017
99                 4.529       4.529       4.531   -0.002122   0.0001164  -8.828e-05   0.0009782
