40.4 0.0003
40.6 0.0002
40.7 0.0009
40.8 0.0004
40.9 0.0021
41 0.003
41.1 0.0037
41.2 0.0059
41.3 0.0131
41.4 0.0158
41.5 0.0217
41.6 0.0258
41.7 0.0374
41.8 0.0458
41.9 0.062
42 0.0728
42.1 0.0977
42.2 0.1126
42.3 0.1348
42.4 0.1701
42.5 0.1983
42.6 0.2361
42.7 0.2675
42.8 0.2872
42.9 0.3089
43 0.37
43.1 0.3717
43.2 0.4127
43.3 0.4512
43.4 0.4674
43.5 0.5144
43.6 0.5199
43.7 0.5621
43.8 0.5873
43.9 0.5914
44 0.617
44.1 0.6283
44.2 0.6412
44.3 0.6693
44.4 0.6506
44.5 0.6798
44.6 0.677
44.7 0.6946
44.8 0.7104
44.9 0.7172
45 0.7377
45.1 0.7456
45.2 0.7495
45.3 0.7423
45.4 0.7738
45.5 0.768
45.6 0.7825
45.7 0.8184
45.8 0.8286
45.9 0.7987
46 0.8492
46.1 0.8387
46.2 0.8417
46.3 0.8832
46.4 0.8929
46.5 0.9129
46.6 0.8974
46.7 0.924
46.8 0.9359
46.9 0.9519
47 0.951
47.1 0.9714
47.2 0.966
47.3 0.9903
47.4 1.0027
47.5 1.0079
47.6 1.0436
47.7 1.0521
47.8 1.0631
47.9 1.0696
48 1.0825
48.1 1.0841
48.2 1.1238
48.3 1.1234
48.4 1.1413
48.5 1.1437
48.6 1.1787
48.7 1.1743
48.8 1.1954
48.9 1.2055
49 1.2259
49.1 1.2338
49.2 1.2192
49.3 1.2555
49.4 1.2817
49.5 1.2772
49.6 1.3089
49.7 1.3276
49.8 1.3107
49.9 1.3363
50 1.3855
50.1 1.3625
50.2 1.3892
50.3 1.4034
50.4 1.425
50.5 1.4351
50.6 1.4355
50.7 1.4759
50.8 1.5034
50.9 1.4813
51 1.5022
51.1 1.5483
51.2 1.5305
51.3 1.561
51.4 1.5715
51.5 1.5886
51.6 1.5906
51.7 1.5959
51.8 1.6284
51.9 1.6295
52 1.6417
52.1 1.6589
52.2 1.6751
52.3 1.7063
52.4 1.7204
52.5 1.7367
52.6 1.7287
52.7 1.7312
52.8 1.798
52.9 1.7912
53 1.8324
53.1 1.7913
53.2 1.8361
53.3 1.8279
53.4 1.8416
53.5 1.8983
53.6 1.8822
53.7 1.8479
53.8 1.9309
53.9 1.941
54 1.9499
54.1 1.9766
54.2 1.9819
54.3 1.9769
54.4 2.0019
54.5 2.0243
54.6 2.0364
54.7 2.0401
54.8 2.0797
54.9 2.0722
55 2.089
55.1 2.1249
55.2 2.1052
55.3 2.1444
55.4 2.156
55.5 2.1454
55.6 2.2044
55.7 2.2077
55.8 2.2074
55.9 2.2424
56 2.2099
56.1 2.2382
56.2 2.2893
56.3 2.2838
56.4 2.2749
56.5 2.2783
56.6 2.3203
56.7 2.3672
56.8 2.3806
56.9 2.3896
57 2.3867
57.1 2.3869
57.2 2.412
57.3 2.4
57.4 2.4383
57.5 2.4588
57.6 2.4892
57.7 2.4978
57.8 2.5057
57.9 2.518
58 2.5636
58.1 2.5185
58.2 2.5508
58.3 2.58
58.4 2.5946
58.5 2.634
58.6 2.5866
58.7 2.6325
58.8 2.6458
58.9 2.6613
59 2.6937
59.1 2.7102
59.2 2.7396
59.3 2.7292
59.4 2.7163
59.5 2.769
59.6 2.7586
59.7 2.7576
59.8 2.7646
59.9 2.8265
60 2.8228
60.1 2.8159
60.2 2.815
60.3 2.8741
60.4 2.8576
60.5 2.8801
60.6 2.8805
60.7 2.8996
60.8 2.9654
60.9 2.9804
61 2.9744
61.1 2.9541
61.2 2.9931
61.3 2.9937
61.4 3.0043
61.5 3.0103
61.6 3.0323
61.7 3.0466
61.8 3.0585
61.9 3.0679
62 3.1067
62.1 3.0898
62.2 3.1374
62.3 3.1353
62.4 3.1307
62.5 3.1547
62.6 3.1806
62.7 3.1797
62.8 3.2022
62.9 3.2071
63 3.2687
63.1 3.2286
63.2 3.2367
63.3 3.2329
63.4 3.247
63.5 3.2887
63.6 3.2848
63.7 3.2798
63.8 3.3032
63.9 3.306
64 3.3101
64.1 3.3259
64.2 3.3354
64.3 3.3566
64.4 3.4162
64.5 3.4272
64.6 3.3789
64.7 3.4666
64.8 3.4497
64.9 3.4771
65 3.3981
65.1 3.4856
65.2 3.5061
65.3 3.5048
65.4 3.479
65.5 3.492
65.6 3.5114
65.7 3.511
65.8 3.5249
65.9 3.547
66 3.6042
66.1 3.5618
66.2 3.5738
66.3 3.5809
66.4 3.6295
66.5 3.6385
66.6 3.6174
66.7 3.6344
66.8 3.6925
66.9 3.6378
67 3.7208
67.1 3.6344
67.2 3.7068
67.3 3.7281
67.4 3.734
67.5 3.7376
67.6 3.7205
67.7 3.7149
67.8 3.7735
67.9 3.7612
68 3.7446
68.1 3.7472
68.2 3.7924
68.3 3.7895
68.4 3.77
68.5 3.8119
68.6 3.8329
68.7 3.828
68.8 3.8503
68.9 3.875
69 3.8903
69.1 3.8943
69.2 3.8531
69.3 3.8876
69.4 3.9236
69.5 3.8973
69.6 3.886
69.7 3.9458
69.8 3.9182
69.9 3.9418
70 3.9599
70.1 3.9531
70.2 3.9253
70.3 3.9628
70.4 4.0104
70.5 3.9825
70.6 3.9654
70.7 4.0042
70.8 4.0259
70.9 4.0616
71 4.0534
71.1 4.0463
71.2 4.1065
71.3 4.055
71.4 4.0631
71.5 4.0711
71.6 4.1115
71.7 4.0922
71.8 4.1094
71.9 4.136
72 4.1337
72.1 4.0652
72.2 4.0962
72.3 4.1397
72.4 4.1324
72.5 4.1669
72.6 4.1367
72.7 4.1598
72.8 4.1606
72.9 4.1958
73 4.2286
73.1 4.201
73.2 4.2318
73.3 4.2133
73.4 4.2361
73.5 4.2112
73.6 4.2485
73.7 4.2626
73.8 4.2015
73.9 4.2565
74 4.2662
74.1 4.3018
74.2 4.307
74.3 4.2771
74.4 4.2495
74.5 4.284
74.6 4.3139
74.7 4.3449
74.8 4.3504
74.9 4.3762
75 4.315
75.1 4.3262
75.2 4.3753
75.3 4.3446
75.4 4.3716
75.5 4.3831
75.6 4.4225
75.7 4.4178
75.8 4.4125
75.9 4.3961
76 4.4113
76.1 4.4155
76.2 4.435
76.3 4.419
76.4 4.4432
76.5 4.4582
76.6 4.4273
76.7 4.4402
76.8 4.4952
76.9 4.4372
77 4.4786
77.1 4.4975
77.2 4.4907
77.3 4.4819
77.4 4.501
77.5 4.507
77.6 4.4775
77.7 4.537
77.8 4.5451
77.9 4.5502
78 4.5337
78.1 4.5304
78.2 4.5522
78.3 4.5293
78.4 4.5812
78.5 4.6362
78.6 4.558
78.7 4.5814
78.8 4.5463
78.9 4.557
79 4.6381
79.1 4.6125
79.2 4.6021
79.3 4.6151
79.4 4.6112
79.5 4.6523
79.6 4.5711
79.7 4.6569
79.8 4.6301
79.9 4.6542
80 4.6689
80.1 4.6744
80.2 4.6613
80.3 4.6758
80.4 4.6533
80.5 4.661
80.6 4.6692
80.7 4.6864
80.8 4.6686
80.9 4.6761
81 4.6347
81.1 4.7331
81.2 4.7293
81.3 4.7656
81.4 4.742
81.5 4.702
81.6 4.7637
81.7 4.7398
81.8 4.7429
81.9 4.7699
82 4.7113
82.1 4.7505
82.2 4.753
82.3 4.7277
82.4 4.7556
82.5 4.7508
82.6 4.7569
82.7 4.7542
82.8 4.7579
82.9 4.7495
83 4.7829
83.1 4.7445
83.2 4.7752
83.3 4.8324
83.4 4.8328
83.5 4.8
83.6 4.7826
83.7 4.7907
83.8 4.8398
83.9 4.8361
84 4.8529
84.1 4.8511
84.2 4.8508
84.3 4.8656
84.4 4.8518
84.5 4.8542
84.6 4.8472
84.7 4.9145
84.8 4.8436
84.9 4.8596
85 4.8605
85.1 4.8627
85.2 4.8979
85.3 4.8911
85.4 4.8984
85.5 4.8639
85.6 4.9064
85.7 4.9089
85.8 4.9237
85.9 4.8852
86 4.9661
86.1 4.9208
86.2 4.9435
86.3 4.9322
86.4 4.9543
86.5 4.9273
86.6 4.9401
86.7 4.9043
86.8 4.9237
86.9 4.9454
87 4.9201
87.1 4.9492
87.2 4.9324
87.3 4.903
87.4 4.9219
87.5 4.9757
87.6 4.9813
87.7 4.986
87.8 4.9453
87.9 4.9928
88 4.9953
88.1 4.9488
88.2 5.0352
88.3 4.963
88.4 4.9841
88.5 4.9947
88.6 4.9846
88.7 4.9882
88.8 5.0005
88.9 4.9988
89 5.0177
89.1 4.9977
89.2 5.0042
89.3 4.9989
89.4 5.0167
89.5 5.0387
89.6 5.0057
89.7 5.0551
89.8 5.0591
89.9 5.067
90 5.0528
90.1 5.0573
90.2 5.0795
90.3 5.0561
90.4 5.0748
90.5 5.0456
90.6 5.0855
90.7 5.0676
90.8 5.0647
90.9 5.1003
91 5.0881
91.1 5.1094
91.2 5.1012
91.3 5.0987
91.4 5.0559
91.5 5.1148
91.6 5.0845
91.7 5.1219
91.8 5.1012
91.9 5.1015
92 5.1184
92.1 5.0865
92.2 5.1537
92.3 5.1221
92.4 5.0949
92.5 5.075
92.6 5.0908
92.7 5.0914
92.8 5.1069
92.9 5.1371
93 5.127
93.1 5.0975
93.2 5.1055
93.3 5.1329
93.4 5.1134
93.5 5.1213
93.6 5.1124
93.7 5.1162
93.8 5.1556
93.9 5.1871
94 5.1299
94.1 5.1686
94.2 5.169
94.3 5.1569
94.4 5.1497
94.5 5.1556
94.6 5.1022
94.7 5.193
94.8 5.2002
94.9 5.1794
95 5.1255
95.1 5.1767
95.2 5.1719
95.3 5.2005
95.4 5.1696
95.5 5.1517
95.6 5.1691
95.7 5.1711
95.8 5.2037
95.9 5.1854
96 5.1434
96.1 5.2139
96.2 5.1947
96.3 5.1841
96.4 5.1098
96.5 5.1975
96.6 5.2137
96.7 5.136
96.8 5.2247
96.9 5.2285
97 5.2471
97.1 5.127
97.2 5.1683
97.3 5.2398
97.4 5.1713
97.5 5.1867
97.6 5.2386
97.7 5.2304
97.8 5.152
97.9 5.1851
98 5.2205
98.1 5.1535
98.2 5.1899
98.3 5.1704
98.4 5.1672
98.5 5.2399
98.6 5.2062
98.7 5.253
98.8 5.1441
98.9 5.2453
99 2.5843
