1900663.555421825
174
 7.33102685190122 11.54866578126738 48.63564712154482 -1 2 0.001 4 0
 18.51606918511928 -2.973747225634491  27.10236215196707 -1 2 0.001 4 0
  16.0646474777611 -11.84101318432387  35.35653563881809 -1 2 0.001 4 0
 11.61116211514352 -12.69904980054521  23.85805711986039 -1 2 0.001 4 0
7.206032668050497 1.387253665207499 52.65658305759392 -1 2 0.001 4 0
-11.61116212129153  12.69904977844399  44.24580331293104 -1 2 0.001 4 0
-2.722204701712878  8.706040485765397  51.85021517329197 -1 2 0.001 4 0
-11.17273895909387 -15.73559673346052  28.80356028177211 1 2 0.001 7 0
8.135592187226875 15.37088132446625 24.17031735098314 -1 2 0.001 4 0
-0.4143383755316914   6.585872023350541   15.17338375382035 -1 2 0.001 4 0
4.259568221959245 9.373932517263707 16.90619993008848 1 2 0.001 7 0
 15.84058967715011 -8.237601455533877   25.0403687210559 1 2 0.001 7 0
-10.08503778794978  16.14075207744174  40.20548699557182 1 2 0.001 7 0
-12.39949243433682  15.68970659973927  34.22685075415187 -1 2 0.001 4 0
-18.50877030426331  7.091980396307812  31.36698950583136 1 2 0.001 7 0
-16.00570271357081  9.628438124338603  26.89891550122666 -1 2 0.001 4 0
-3.285108718612627 -17.91662169587287  42.30985536083689 -1 2 0.001 4 0
-13.29472495183923 -11.56149860184429  43.51379801045836 1 2 0.001 7 0
-9.392574187213457 -11.23692785611623  47.67182751269327 -1 2 0.001 4 0
-15.84259071292106  3.235354879526237  45.82009496764069 1 2 0.001 7 0
2.350993707406591  5.30564235569341 53.19294273272239 1 2 0.001 7 0
17.13928664762497 10.04772088569586 31.75745668062779 -1 2 0.001 4 0
19.10162210436594 5.301904699050112 31.38982518276784 1 2 0.001 7 0
 19.80693004310747 0.6853686977660136  36.74746156278995 -1 2 0.001 4 0
  16.60883874575343 -0.5625920763297318    22.9268499873005 1 2 0.001 7 0
11.83577575218915 6.352559901019034 19.23476091337584 -1 2 0.001 4 0
-7.02767760174652 14.83047945049123 22.62030458267816 -1 2 0.001 4 0
-0.2960786753497253   19.95009428284085   32.68002004302558 -1 2 0.001 4 0
0.2859404399701851   18.6462208817044  26.82510033873398 1 2 0.001 7 0
9.238692370362704 17.40095122984947 37.47518930398056 -1 2 0.001 4 0
11.89052009609148 15.80595247663569 31.08368440995724 1 2 0.001 7 0
-2.255363424445636  18.29696372887108  41.80743741177617 -1 2 0.001 4 0
4.751111103708649 16.49667782025814 44.32022835686301 1 2 0.001 7 0
12.83421127642296 13.67465805834172 40.99384753063937 1 2 0.001 7 0
15.17189919645242 8.610293547752921 43.82454693408296 -1 2 0.001 4 0
 8.104722816249676 -3.084895261747003  16.02940538234472 -1 2 0.001 4 0
-5.010656264813146 -6.079430577102692  15.67065462575683 -1 2 0.001 4 0
  1.008818599433857 -0.8359441620399001   14.09184190289025 1 2 0.001 7 0
 11.39132591812266 -16.12319069593779  30.83584478899435 1 2 0.001 7 0
16.02098316426808 2.710985662579041 45.70552936130993 1 2 0.001 7 0
 13.02329459486152 -4.626240756000445  48.50809864742631 -1 2 0.001 4 0
-4.61860793442245 12.70055309960507 48.79488775755605 1 2 0.001 7 0
-12.10017530422092  13.50127416097549  25.60071749316016 1 2 0.001 7 0
-2.764547663294824 -17.75660611967362  25.28121420357007 1 2 0.001 7 0
 5.382349345216029 -19.25177815851983  33.40197706842049 -1 2 0.001 4 0
-4.120132825255148 -19.38835243813748  31.36151636885508 -1 2 0.001 4 0
0.2282205213639303  -19.5468713845261     38.27766639155 1 2 0.001 7 0
 2.743293000639194 -10.81575370482608  50.65039214248795 -1 2 0.001 4 0
-1.903463458518601  -10.9175960357669   50.7032806035362 1 2 0.001 7 0
 -6.89228827617181 -4.558349259640059  52.26475333113653 1 2 0.001 7 0
-12.82395343672383 0.6603325463885537  49.38597059347423 -1 2 0.001 4 0
  -19.78756256959774 -0.05141217466891743    36.98469467779779 1 2 0.001 7 0
-17.22912672893401 -5.051134115111953   42.8703919591438 -1 2 0.001 4 0
-13.92539886319947 -14.23865558419171  35.92828595986487 -1 2 0.001 4 0
-19.27984992578786 -2.640044155510107  29.42804186857706 -1 2 0.001 4 0
-13.23789215816644  -10.2423816803655  23.10038352973896 -1 2 0.001 4 0
0.9276755800079713 -15.89064908641268  21.94342901699225 -1 2 0.001 4 0
 2.169256630526416 -11.39961053880318   17.7629057891079 1 2 0.001 7 0
 10.87681595055704 -10.12697158060118  47.44187810505446 1 2 0.001 7 0
 9.603478446879116 -14.22308683795672  44.32548688760113 -1 2 0.001 4 0
18.30750998270042 -5.77085185696025 39.66863162150027 1 2 0.001 7 0
 -3.921159451712581 -0.3762550657863243   53.65673024987889 -1 2 0.001 4 0
-18.57908026194244  5.443758369643104  39.06913887733236 -1 2 0.001 4 0
-14.11675374414021 -4.793628580266247  20.72653690306225 1 2 0.001 7 0
-8.280771456445414  6.179052353678672  16.92228069193482 1 2 0.001 7 0
-13.79302639290656  1.546237026792163  19.65220939852646 -1 2 0.001 4 0
-3.081748584332609e-09 -1.105140671041629e-08      34.05193021640799 0 20 1000000 3 0
 -15.9864512814644 -11.30015004396902   -29.984938986024 -1 2 0.001 4 0
-5.890775163450039  13.27730205251346 -20.30433026117569 -1 2 0.001 4 0
 1.387744763355504  4.985305636795693 -14.73340600781064 -1 2 0.001 4 0
 6.392808368398847  14.11042310658039 -21.40171437142429 -1 2 0.001 4 0
-8.097484697580072 -14.76440676685489 -23.26177179067258 -1 2 0.001 4 0
-6.392808332440416 -14.11042303116101 -46.70214616320975 -1 2 0.001 4 0
 -8.95581467265829 -17.84534901130986 -35.20144647218306 -1 2 0.001 4 0
19.87503840840857 1.346921716143057 -35.8276379939721 1 2 0.001 7 0
 -15.3905438008793  11.65825292809646 -39.27825083199824 -1 2 0.001 4 0
-2.052591211673316  17.22383023724608  -44.0053942765214 -1 2 0.001 4 0
-7.106578030208406  17.21337645877874 -41.34485973307658 1 2 0.001 7 0
0.2610601408959353  14.39796130329073 -20.17312777694623 1 2 0.001 7 0
-9.371039937688149 -9.904537046442508 -48.68688436487471 1 2 0.001 7 0
-6.765129082346067 -5.159361040820896 -52.15051929513054 -1 2 0.001 4 0
 4.095393626101906  -4.43234803879814 -53.12184669354214 1 2 0.001 7 0
 1.444134282170792 0.5550265851748144 -53.99337909780111 -1 2 0.001 4 0
 15.29433377049408 -8.306685618190865 -24.19937080084277 -1 2 0.001 4 0
 14.93942086398364 -13.25876853372206 -35.03359417895318 1 2 0.001 7 0
 11.93171977458711 -15.72876109721437 -30.85337803697977 -1 2 0.001 4 0
 3.457779263210934 -16.80572873809228 -44.32598235425466 1 2 0.001 7 0
-8.962084804871937  -17.1488804095573  -28.9871195567179 1 2 0.001 7 0
 -16.8950236519145  8.023734148704706 -26.96995900003994 -1 2 0.001 4 0
-13.86916339630298  9.229641383730895 -22.98264886731216 1 2 0.001 7 0
-11.28783161535911  4.642830679036637 -18.20645526611267 -1 2 0.001 4 0
 -6.20536687505851  16.39838824221402 -24.43300462367141 1 2 0.001 7 0
 -8.89557824379064  17.88615313220838 -33.08068045963636 -1 2 0.001 4 0
-6.824428389127539  7.626032640542091 -51.23576691042857 -1 2 0.001 4 0
-16.33235312708675  0.529506777778835 -45.58232166558508 -1 2 0.001 4 0
-14.53167532606111  6.236201195953597 -46.29654510037199 1 2 0.001 7 0
 -19.95566229052287 -0.4010095859868017  -35.26682810283688 -1 2 0.001 4 0
-18.88949723394607  6.564740509902249 -34.38980826621285 1 2 0.001 7 0
-15.50578018733704   -8.6294892184966 -43.27777079924024 -1 2 0.001 4 0
-18.05522875212941 -8.373976253952076 -36.06106392280252 1 2 0.001 7 0
-19.29912799694027 -2.256316836971618 -29.32370010104004 1 2 0.001 7 0
-16.75163444005142 -3.883472189420492 -23.84756333712907 -1 2 0.001 4 0
 1.497749886965599  19.82358489988084 -31.86178401112569 -1 2 0.001 4 0
 10.85595585600065   15.5024856034875 -40.51402038165054 -1 2 0.001 4 0
3.618280634240326 18.98542142508931 -39.2078456280359 1 2 0.001 7 0
 8.174200362381052  7.640931432844222 -17.47298561682033 1 2 0.001 7 0
-12.57038052131367 -5.138420627710881 -19.37508168997098 1 2 0.001 7 0
 -5.35222305126544 -8.599258270490164 -16.80676932038781 -1 2 0.001 4 0
-10.79619778804286 -15.81469428318307 -39.82496604325914 1 2 0.001 7 0
-3.599195518430564   3.05476365762048 -53.48993051932764 1 2 0.001 7 0
17.82529533588521 7.739157476310515 -29.3371097394288 1 2 0.001 7 0
  13.4636174989897  3.174127282233384 -19.60620404806183 -1 2 0.001 4 0
 18.84665812476506  1.636612486062827 -27.55216035758732 -1 2 0.001 4 0
 15.53770551656216 -3.225424899252163 -21.87960702417804 1 2 0.001 7 0
 4.785859187486119 -14.12020944245942  -20.7203752557967 -1 2 0.001 4 0
 7.266516715497747 -15.84965874581624 -24.25036930337202 1 2 0.001 7 0
 4.248588226506005 -19.31595406248713 -31.07997354614583 1 2 0.001 7 0
 3.439693685865666 -18.95101679528002 -39.44174320532848 -1 2 0.001 4 0
 9.776543892141596   -9.8990173116658 -48.42482240194379 1 2 0.001 7 0
 11.62918197213118 -14.29404528139611 -41.83424524888842 -1 2 0.001 4 0
 18.81688713074535 -6.335211400937038 -36.49459525323442 -1 2 0.001 4 0
 12.98579181783723 -2.592766203233022 -49.04224594548068 -1 2 0.001 4 0
 17.32206352750571  5.734778589843122 -42.24601206638138 -1 2 0.001 4 0
 14.92595278197635  12.12601796138034 -28.55968712611816 -1 2 0.001 4 0
 11.23957259295437  16.32569751461299 -31.38121471807232 1 2 0.001 7 0
0.5528391585055296 -8.206911228117878 -15.81755725150553 1 2 0.001 7 0
 5.182063886458582  -5.63362050159645 -15.57282050569144 -1 2 0.001 4 0
-5.603823186471972  1.586002260395957  -14.9182753623376 1 2 0.001 7 0
-1.034046967029418 -19.67060792039405  -30.6076345438185 -1 2 0.001 4 0
 4.186032835425523 -11.57949702744575 -49.81205362626259 -1 2 0.001 4 0
 13.61880048745028  7.452528675404496 -46.65414470275855 1 2 0.001 7 0
 2.057415296013356  12.75788469286207 -49.32216858634619 1 2 0.001 7 0
 8.322412419070838   8.36680219309903 -50.19889466065936 -1 2 0.001 4 0
1.798006365237098e-08 3.773009067577106e-08    -34.05193026732066 0 20 1000000 3 0
 22.79127428634923 -4.632822674735529 -50.24045341258953 1 2 0.001 5 0
-38.32217892529743 -34.81571771347029  71.12233386902989 1 2 0.001 5 0
-38.10585308342718 -20.86256093173496  88.05573301269139 1 2 0.001 5 0
-16.54983920106746  37.58627305050003  26.12815329377352 1 2 0.001 5 0
-31.32348796886122  3.972099116405275  20.35962411143585 1 2 0.001 5 0
25.69698244741456 32.69543445495125 40.52395130130066 1 2 0.001 5 0
-13.00390346440328  16.96925766020108   43.4663122073736 1 2 0.001 5 0
-4.581636586011083  8.386766850462063 -77.44476703766863 1 2 0.001 5 0
-19.53330729811264   15.9062078876613  -40.5601740759117 1 2 0.001 5 0
7.715289153970218 1.823475180785005 63.72249924401449 1 2 0.001 5 0
-25.03313821421249 -37.37636648782254  8.059152547675382 1 2 0.001 5 0
-0.6784568702302067   12.31908287058339   -96.8959203063143 1 2 0.001 5 0
 7.477325189060725 -22.55942468088139 -56.68137306036097 1 2 0.001 5 0
 -24.7281785996252  7.307708292076715 -96.52577510435813 1 2 0.001 5 0
 2.770872395521378  -6.05126525289025 -9.173151371122684 1 2 0.001 5 0
-45.42538160134988 -2.035141104781067 -41.21843302812782 1 2 0.001 5 0
 33.54922873469467 -1.259921798897056 -39.78776026148337 1 2 0.001 5 0
-35.19212560779384  28.65395655843375 -42.81223135511668 1 2 0.001 5 0
-45.00757683004387  17.02425725152823 -62.46806345430353 1 2 0.001 5 0
8.331325734221368 39.10290579491751 77.69941945212375 1 2 0.001 5 0
-3.278300598727521  13.69358310619218 -15.24815040542163 1 2 0.001 5 0
-2.347145429818525  30.72587805693865  45.51492877044176 1 2 0.001 5 0
-20.22632256749325   7.48887035996279 -90.00412507493317 1 2 0.001 5 0
 20.43594871815136 -39.97266837499149  69.20012205718299 1 2 0.001 5 0
9.169219285743413 10.64855553948333 -95.1692610995936 1 2 0.001 5 0
-18.46820492281089 -31.16384858866183  48.80924516490572 1 2 0.001 5 0
 40.03208404119403  13.16915376320071 -31.85204705276326 1 2 0.001 5 0
12.44576064746866 46.87907667412461 7.810801202548907 1 2 0.001 5 0
38.49961369309836 10.42838516441157 9.821378321534814 1 2 0.001 5 0
 -46.1302969609311 -16.80092752989877  18.86065553891233 1 2 0.001 5 0
-14.55090727676698 -20.04542211793939 -27.66300162249768 1 2 0.001 5 0
 -53.4574248040576  6.599037378062558 -95.52063242121096 1 2 0.001 5 0
 14.18804770995436  -33.3894912641715 -77.40573025981186 1 2 0.001 5 0
19.15067251503979 10.38493549760333  27.0244130726617 1 2 0.001 5 0
-25.52852980620109  6.038112614667467 -93.82863885078871 -3 0.5 0.001 6 0
14.38868971584962 42.84714364302123 70.98283589048368 -3 0.5 0.001 6 0
-53.80740382905404   3.46343638498188  -95.4873871799679 -3 0.5 0.001 6 0
 -3.04826533124828  6.137351834299375 -75.87049259116201 -3 0.5 0.001 6 0
 -2.62056412257611 -35.73946305115668 -71.03865906089497 -3 0.5 0.001 6 0
 48.52421751126583  2.983139692778931 -71.08829062169116 -3 0.5 0.001 6 0
4
0 66 0 67 -8.663036375343874e-14 -2.032414243519599e-14      34.05193025771312
67 133 1 67 4.310962118814459e-14 5.673945764291063e-14    -34.05193025771323
134 167 2 1 -0.6929095789907684  0.9638321135493335  -8.476011092072326
168 173 3 1 -0.0006972421393740547    -0.2648918879035058      -16.5971246532508
randomstate
977505447 3774741674 1289478510 739022053 112682553 3306055613 464638832 1933193584 2374106594 1399118090 830461823 186816411 3403240503 1344746251 3708764777 1199251640 2867049546 3338795721 3431372326 1020388556 194953614 672694525 45485990 1691722497 1960771063 632722676 874944955 3537053897 3440743661 3470621209 762821694 3948209461 4146421553 2105676071 2119319210 3667925533 1263758335 1046864932 3892946217 145266894 263462291 4033692285 2466916425 1595803413 203761441 2227470187 2738544505 1770028679 2024732528 2136106830 2726508341 3188788378 3246244518 2746241662 627312519 2152739481 613060236 358787731 1189484182 3893259104 2075626907 3510013181 2513946786 1007151818 11469653 3046718071 2672863642 428190081 2167060160 971007677 2040978322 3587981140 647339914 2496147890 1282525815 2324019084 1918622373 2572349969 102710525 1569589363 1263225214 4009080116 2786515068 1008009629 1794892481 1254741551 639571972 4228009628 1820449787 293943216 1491694641 398880275 1374238409 2050881952 1087422081 2770605291 3229793802 1557827146 4152972342 2032644584 1847795173 1476918663 1346764645 3187878040 269182332 1678291002 575205425 1017894124 844201823 3023230131 3575140781 2263007682 1156632253 1366226241 2374378756 565942836 2455529815 1753318282 3287564270 2044483793 174805898 1915104081 3012270655 1867356115 2171208399 2021152465 3494608831 881369208 43932573 3289463090 3237503031 1247889991 3231061080 2031569566 4087995056 3032603381 3479331090 873301473 3195283136 854902293 453477027 3446291796 2233590043 1138177939 2896021084 4112930797 1357266019 1971358224 2707600895 2375849564 442278773 3250821125 1738578211 3951414736 3151402782 2086786528 1825488980 3979761853 1762514865 2721942772 738805363 311946493 236560022 3972109818 1947519643 2129093321 2992131986 2644328791 3820683705 2709347152 3725993475 3430657837 482778501 1222458934 3597803495 2336339362 1676247104 2531253635 790972489 1545478762 2776117798 2070358876 1099334378 2691822789 3477755237 3913683330 843981760 2888618684 656768288 4174403186 2761380270 392694521 3297437081 416145196 2850685017 3738475334 2897160927 4091893255 964943662 2787984157 1921757908 1507650038 1941969306 1376511409 2085841415 3746905052 3012715518 839848843 2074613868 3430248982 429343884 4155543678 2734022212 531799579 202060785 3295044028 2542184285 1152794079 2393559579 3640514296 2262887557 2218433153 2585708523 878565465 2130526541 4075783991 4181767401 22623224 2219297517 3629285301 1291505570 25398040 4095343429 2539955322 900814375 246242495 19998605 1208647299 1192668431 243965950 1412280696 3031750161 2805681791 3598208104 2526709489 2174220864 1253413067 337184456 2896395931 365798641 4152128033 884428902 4108001893 957581768 212373817 3618590582 2737240364 217756290 1407703299 781900423 2999042061 2689767818 1962484971 1135593613 1516521709 4264425485 2758060284 527892640 1017705296 1154854328 3217418324 436582057 1811389101 222876544 2576670220 378716813 2961247051 3695635214 261400730 2489898462 1832406502 742784365 3497853208 871845478 3040935453 814496576 199157062 902226211 872415703 3117471875 3478443380 2047714428 1241935586 198836744 2192879315 3960994692 2814259926 761740308 1123309242 392937299 1284137296 3173906042 2140959986 658013999 3457043580 2649294978 2880274977 1056035677 579293793 3592429535 2567371073 634569111 1920172663 2457162512 2823833995 212110150 4182895063 1383974582 1858615911 3400433903 249120480 1781886716 2677830872 231037946 3374126049 1938981061 2093648303 4091020576 1831760035 2560561601 3894724602 1267924409 1913485011 3132290120 3265940761 1522385407 2828470220 2261528961 1003085172 2837659350 465464439 4262070728 708496998 2901613423 3915234648 133235776 3501728763 289101399 3786482746 370515183 1088415318 2259394209 1866666701 4027834421 3512716043 823230691 749014420 2764013623 2530979462 1932005476 712613641 1916698193 1888624527 3408640766 2561781437 1091595730 2451260729 3538002374 3093723562 1324806840 2205460246 2779984084 236971794 2220541327 1551953130 3384277490 2637988465 6680222 3902303173 3696998266 299529374 2064740485 4251704298 2344576862 2990458839 2784592995 184262855 3851115920 2525002518 133754843 2087987019 3271360035 1632283367 1798994457 2046193376 2882372891 2793256122 3853592582 4146238677 2099333499 77767141 1297543182 3770779849 762697080 3060879725 1416338602 3219475004 1962920960 2318191083 3102428443 3372280977 4203571537 3287459164 9055300 3120365880 1627156201 3815652320 3656277619 869106229 3707330433 2216345903 2420798543 1393675821 2569294537 3250702611 1340329963 1304426503 1609778732 699864822 3655349902 157154408 3703759410 1612258971 3001416837 2121935631 1994015824 3226839592 1942109932 340232409 3759847114 4120671970 741477958 2122601953 676735678 2168087509 389130671 2689292499 1303207268 3963890975 2949463370 4079018604 46571328 1938089369 2086453059 1989190525 3676999627 2933193562 3036870824 536647108 2430220122 2838739579 692264968 785632752 452356031 1337276158 3701570039 831436212 421809511 566738426 3942419728 143511998 2318213355 2070452472 1471494300 1427288951 2031416976 2660991462 2971482399 3434173416 3245816618 3859734889 1620118794 2162872092 196836108 2779568160 1192237361 1939979812 1758685197 3333465249 2849915750 117784871 3511607621 15552045 2709058690 3687339281 3389162807 591433386 2603657975 3387147953 2551205403 2350870007 160565179 1909752708 312425635 3075906026 3295385371 548530863 2496745202 3215186659 1484729357 689680774 2371883350 3621664224 3276006322 1309521842 2511576677 970975583 663608338 1509702610 2575845206 3833321757 3519707393 1891397746 4266031743 805520283 2939034699 2371438380 2018285825 1122170176 2986272110 828175053 3932627300 2222267802 2337864633 17153736 3067726622 4083367683 3526632697 219176197 3405825429 3723071388 2604473449 2235344842 2129654580 1036749207 807461635 2030388478 1334067314 183162767 3786143572 3858674553 2690766664 387536866 543895907 570695547 1269280024 2759595017 1885381583 3636077890 3668871178 142887553 3677224973 3430127028 389648232 73463216 549053566 156901532 3887940828 2394954165 3727694552 4116244150 2008083025 1535918739 4211586023 706030675 609609593 132078496 4074855526 4144584356 3178374511 2432153570 2593423279 45692448 4170739646 467015750 176167390 4068262799 2327671858 602284302 3836002075 4273044155 1170122344 1178754101 372237457 1842986337 4062337183 1998208747 848550759 2140840481 1179605451 3624459092 3768453497 2748250291 2559940437 3057078253 891206288 3496542322 3724132203 3351505874 2853347240 3690748996 1797813825 877921214 3718445939 2837392706 2713696537 1508925695 1476383062 2485407973 129788786 596924770 1183628597 3207674788 575980086 15