40.2 0.0001
40.3 0.0009
40.4 0.0011
40.5 0.0026
40.6 0.0019
40.7 0.0078
40.8 0.0079
40.9 0.0137
41 0.0216
41.1 0.0309
41.2 0.0599
41.3 0.094
41.4 0.1286
41.5 0.1497
41.6 0.2201
41.7 0.2797
41.8 0.4245
41.9 0.5226
42 0.653
42.1 0.7853
42.2 0.8743
42.3 1.1084
42.4 1.264
42.5 1.4086
42.6 1.6357
42.7 1.8451
42.8 1.9427
42.9 2.2001
43 2.4881
43.1 2.6115
43.2 2.8367
43.3 2.8717
43.4 2.9826
43.5 3.2364
43.6 3.3446
43.7 3.2893
43.8 3.5667
43.9 3.5231
44 3.411
44.1 3.523
44.2 3.4679
44.3 3.5055
44.4 3.4696
44.5 3.4716
44.6 3.492
44.7 3.4904
44.8 3.4827
44.9 3.3799
45 3.444
45.1 3.3173
45.2 3.2582
45.3 3.3868
45.4 3.2429
45.5 3.3336
45.6 3.277
45.7 3.3247
45.8 3.3321
45.9 3.2768
46 3.2616
46.1 3.2566
46.2 3.3141
46.3 3.3023
46.4 3.2662
46.5 3.1741
46.6 3.3054
46.7 3.1819
46.8 3.2437
46.9 3.2163
47 3.1943
47.1 3.1802
47.2 3.1858
47.3 3.1599
47.4 3.1571
47.5 3.1673
47.6 3.1529
47.7 3.16
47.8 3.1799
47.9 3.1631
48 3.1972
48.1 3.2492
48.2 3.1954
48.3 3.232
48.4 3.1631
48.5 3.2259
48.6 3.1428
48.7 3.2527
48.8 3.1929
48.9 3.1528
49 3.1599
49.1 3.152
49.2 3.131
49.3 3.2199
49.4 3.1819
49.5 3.1126
49.6 3.1656
49.7 3.1985
49.8 3.2144
49.9 3.1958
50 3.2017
50.1 3.0985
50.2 3.2268
50.3 3.1232
50.4 3.1479
50.5 3.1923
50.6 3.2036
50.7 3.1264
50.8 3.1436
50.9 3.2042
51 3.1172
51.1 3.177
51.2 3.1652
51.3 3.1904
51.4 3.1438
51.5 3.1751
51.6 3.1943
51.7 3.2065
51.8 3.2414
51.9 3.1964
52 3.1693
52.1 3.261
52.2 3.1936
52.3 3.1673
52.4 3.122
52.5 3.0818
52.6 3.2344
52.7 3.1717
52.8 3.235
52.9 3.2276
53 3.1572
53.1 3.2059
53.2 3.2603
53.3 3.2629
53.4 3.2275
53.5 3.2445
53.6 3.292
53.7 3.2477
53.8 3.2048
53.9 3.2246
54 3.2949
54.1 3.3271
54.2 3.2036
54.3 3.2512
54.4 3.2555
54.5 3.343
54.6 3.2757
54.7 3.3084
54.8 3.2808
54.9 3.3406
55 3.2026
55.1 3.2122
55.2 3.2159
55.3 3.2679
55.4 3.2869
55.5 3.3067
55.6 3.348
55.7 3.2711
55.8 3.2655
55.9 3.2915
56 3.2763
56.1 3.3316
56.2 3.3126
56.3 3.2783
56.4 3.2816
56.5 3.3402
56.6 3.3302
56.7 3.3491
56.8 3.2982
56.9 3.299
57 3.3612
57.1 3.3114
57.2 3.3193
57.3 3.3848
57.4 3.3744
57.5 3.3013
57.6 3.4003
57.7 3.386
57.8 3.4695
57.9 3.3405
58 3.3591
58.1 3.3408
58.2 3.3802
58.3 3.4055
58.4 3.3183
58.5 3.3668
58.6 3.3773
58.7 3.3022
58.8 3.3477
58.9 3.3744
59 3.3303
59.1 3.4447
59.2 3.3856
59.3 3.4202
59.4 3.4061
59.5 3.4254
59.6 3.3688
59.7 3.4961
59.8 3.4292
59.9 3.46
60 3.4131
60.1 3.4231
60.2 3.4754
60.3 3.4826
60.4 3.5588
60.5 3.3569
60.6 3.4914
60.7 3.4424
60.8 3.4422
60.9 3.402
61 3.4369
61.1 3.449
61.2 3.372
61.3 3.4769
61.4 3.4342
61.5 3.3948
61.6 3.4381
61.7 3.373
61.8 3.414
61.9 3.4341
62 3.4403
62.1 3.4613
62.2 3.4693
62.3 3.4568
62.4 3.4632
62.5 3.445
62.6 3.5027
62.7 3.546
62.8 3.4431
62.9 3.4495
63 3.5179
63.1 3.5189
63.2 3.4829
63.3 3.4524
63.4 3.4662
63.5 3.5001
63.6 3.4503
63.7 3.5069
63.8 3.4364
63.9 3.4786
64 3.4683
64.1 3.4468
64.2 3.5139
64.3 3.5533
64.4 3.5128
64.5 3.4827
64.6 3.5303
64.7 3.4624
64.8 3.5524
64.9 3.484
65 3.4695
65.1 3.5013
65.2 3.5432
65.3 3.5375
65.4 3.4977
65.5 3.5131
65.6 3.5032
65.7 3.5652
65.8 3.525
65.9 3.4476
66 3.4854
66.1 3.514
66.2 3.5996
66.3 3.543
66.4 3.5014
66.5 3.5054
66.6 3.5014
66.7 3.5173
66.8 3.4741
66.9 3.571
67 3.4921
67.1 3.5096
67.2 3.6149
67.3 3.5372
67.4 3.6007
67.5 3.6529
67.6 3.6028
67.7 3.5594
67.8 3.5707
67.9 3.5751
68 3.5931
68.1 3.6242
68.2 3.6
68.3 3.5626
68.4 3.6729
68.5 3.5968
68.6 3.5577
68.7 3.5927
68.8 3.6606
68.9 3.5607
69 3.5825
69.1 3.6878
69.2 3.6305
69.3 3.6275
69.4 3.6211
69.5 3.6267
69.6 3.5886
69.7 3.6533
69.8 3.6328
69.9 3.6637
70 3.5488
70.1 3.525
70.2 3.6451
70.3 3.5569
70.4 3.6254
70.5 3.5666
70.6 3.658
70.7 3.6051
70.8 3.6109
70.9 3.7768
71 3.5918
71.1 3.6459
71.2 3.5428
71.3 3.5969
71.4 3.6956
71.5 3.5808
71.6 3.5988
71.7 3.7097
71.8 3.6298
71.9 3.695
72 3.6882
72.1 3.6802
72.2 3.6073
72.3 3.6102
72.4 3.655
72.5 3.6777
72.6 3.6364
72.7 3.5885
72.8 3.5676
72.9 3.582
73 3.7248
73.1 3.6566
73.2 3.5815
73.3 3.6873
73.4 3.6371
73.5 3.6521
73.6 3.6052
73.7 3.6404
73.8 3.7549
73.9 3.6076
74 3.6552
74.1 3.705
74.2 3.6122
74.3 3.6741
74.4 3.6453
74.5 3.6498
74.6 3.6741
74.7 3.6616
74.8 3.7118
74.9 3.6579
75 3.7342
75.1 3.7465
75.2 3.7153
75.3 3.7194
75.4 3.6688
75.5 3.667
75.6 3.5717
75.7 3.762
75.8 3.7442
75.9 3.6698
76 3.6464
76.1 3.7117
76.2 3.645
76.3 3.7265
76.4 3.5964
76.5 3.6647
76.6 3.7665
76.7 3.6518
76.8 3.7817
76.9 3.7408
77 3.7
77.1 3.6786
77.2 3.6398
77.3 3.7324
77.4 3.7143
77.5 3.7572
77.6 3.7127
77.7 3.7665
77.8 3.7366
77.9 3.7087
78 3.6388
78.1 3.7511
78.2 3.8096
78.3 3.708
78.4 3.7453
78.5 3.742
78.6 3.7602
78.7 3.7183
78.8 3.6888
78.9 3.7585
79 3.7112
79.1 3.6803
79.2 3.7014
79.3 3.6623
79.4 3.7277
79.5 3.7186
79.6 3.6784
79.7 3.627
79.8 3.6582
79.9 3.6512
80 3.6247
80.1 3.6355
80.2 3.7267
80.3 3.6661
80.4 3.7786
80.5 3.6193
80.6 3.7664
80.7 3.7136
80.8 3.7102
80.9 3.6541
81 3.8354
81.1 3.7196
81.2 3.7733
81.3 3.6678
81.4 3.7042
81.5 3.6823
81.6 3.7409
81.7 3.6926
81.8 3.7158
81.9 3.7401
82 3.7177
82.1 3.7292
82.2 3.7727
82.3 3.7092
82.4 3.7756
82.5 3.7265
82.6 3.7686
82.7 3.724
82.8 3.7326
82.9 3.7744
83 3.851
83.1 3.7048
83.2 3.7832
83.3 3.7936
83.4 3.7179
83.5 3.7637
83.6 3.8054
83.7 3.7844
83.8 3.7543
83.9 3.7167
84 3.8006
84.1 3.7698
84.2 3.7774
84.3 3.7375
84.4 3.6765
84.5 3.7813
84.6 3.7425
84.7 3.7241
84.8 3.7003
84.9 3.7376
85 3.7496
85.1 3.7602
85.2 3.8442
85.3 3.7352
85.4 3.757
85.5 3.7364
85.6 3.6925
85.7 3.8464
85.8 3.7383
85.9 3.715
86 3.7106
86.1 3.6919
86.2 3.7741
86.3 3.771
86.4 3.7969
86.5 3.7337
86.6 3.7056
86.7 3.695
86.8 3.7619
86.9 3.7208
87 3.7242
87.1 3.7426
87.2 3.6342
87.3 3.7727
87.4 3.776
87.5 3.6867
87.6 3.7726
87.7 3.7837
87.8 3.7857
87.9 3.7811
88 3.8953
88.1 3.7399
88.2 3.8144
88.3 3.7027
88.4 3.7986
88.5 3.7419
88.6 3.8043
88.7 3.7931
88.8 3.744
88.9 3.7671
89 3.7754
89.1 3.7811
89.2 3.7312
89.3 3.7817
89.4 3.8057
89.5 3.6931
89.6 3.794
89.7 3.6646
89.8 3.7421
89.9 3.7547
90 3.7599
90.1 3.7425
90.2 3.7433
90.3 3.8003
90.4 3.7627
90.5 3.6863
90.6 3.7246
90.7 3.6931
90.8 3.7184
90.9 3.7206
91 3.8006
91.1 3.8396
91.2 3.767
91.3 3.8086
91.4 3.7161
91.5 3.7438
91.6 3.6637
91.7 3.7246
91.8 3.7165
91.9 3.6596
92 3.7178
92.1 3.7168
92.2 3.7735
92.3 3.7456
92.4 3.7623
92.5 3.7953
92.6 3.7621
92.7 3.754
92.8 3.7732
92.9 3.6463
93 3.8081
93.1 3.672
93.2 3.7264
93.3 3.7035
93.4 3.7929
93.5 3.7008
93.6 3.7012
93.7 3.706
93.8 3.7581
93.9 3.6575
94 3.7595
94.1 3.7794
94.2 3.6992
94.3 3.695
94.4 3.7518
94.5 3.7229
94.6 3.7273
94.7 3.7376
94.8 3.6997
94.9 3.6792
95 3.7484
95.1 3.7753
95.2 3.6587
95.3 3.6933
95.4 3.7079
95.5 3.6281
95.6 3.7529
95.7 3.7094
95.8 3.7622
95.9 3.6888
96 3.7962
96.1 3.7416
96.2 3.7358
96.3 3.6527
96.4 3.7553
96.5 3.776
96.6 3.7524
96.7 3.6247
96.8 3.7678
96.9 3.6789
97 3.6674
97.1 3.7235
97.2 3.7078
97.3 3.6978
97.4 3.7156
97.5 3.6981
97.6 3.6682
97.7 3.7087
97.8 3.6621
97.9 3.6949
98 3.679
98.1 3.7509
98.2 3.586
98.3 3.7441
98.4 3.6668
98.5 3.7455
98.6 3.6824
98.7 3.6836
98.8 3.7786
98.9 3.6765
99 1.8372
