1900663.555421825
174
-15.19818266044072  11.53869524691616  50.03509687696858 -1 2 0.001 4 0
2.353537645168955 11.48966891420151 27.86252995628514 -1 2 0.001 4 0
9.415776980457652 16.11996220696851 36.88773984381601 -1 2 0.001 4 0
13.25613790226222 6.280633940392502 30.46714686396173 -1 2 0.001 4 0
-6.212743964207412  15.92056037824707  54.45086350887037 -1 2 0.001 4 0
-13.25613786207694 -6.280633987023158  57.65747201558055 -1 2 0.001 4 0
-12.03264483361154  5.957900850121403  58.88470337487654 -1 2 0.001 4 0
 17.64032868821258 -8.428167969453201  48.27767140674634 1 2 0.001 7 0
-13.64056704293048 -2.435766603535387  29.63663449867317 -1 2 0.001 4 0
-2.208958817119661 -12.40145910845127  28.52946627776124 -1 2 0.001 4 0
-5.808419426108767  -8.30869167884526  26.82228316164883 1 2 0.001 7 0
8.204004504794337 9.344076856692389 28.39791870040653 1 2 0.001 7 0
-15.87784297689422 -8.091136467262588  53.14667727405731 1 2 0.001 7 0
-13.87641296950257 -13.20512113971893  49.80816378214071 -1 2 0.001 4 0
-4.239154496673493 -17.80947636587835  52.12033600752896 1 2 0.001 7 0
-5.997816813142201 -18.88494600853001  46.78993992612762 -1 2 0.001 4 0
15.92685121354886 5.941841768279875 54.59893730383182 -1 2 0.001 4 0
10.61041715636838 -2.74301932077321 60.79072229360504 1 2 0.001 7 0
 8.95412931558706 2.638231443674603 61.74998602111471 -1 2 0.001 4 0
 -3.95727746325827 -6.701729733089247  62.48435267869142 1 2 0.001 7 0
-9.591401927363195  11.49893664659195  57.32258231194622 1 2 0.001 7 0
-11.13644632654276  10.17460391339055  30.93091772295801 -1 2 0.001 4 0
-6.672297838372816  12.56648583824505  30.00411473775511 1 2 0.001 7 0
-3.44683253235284 17.15360363954788 34.37090478960467 -1 2 0.001 4 0
1.140583466163281 7.091661958998398 25.39831082609991 1 2 0.001 7 0
 -4.227392562515247 -0.3002727422746484   24.51677031783867 -1 2 0.001 4 0
-11.09894665141899 -15.27504230489133  37.46686372329708 -1 2 0.001 4 0
-19.00824768445613 -5.360245046347675  40.91106287123986 -1 2 0.001 4 0
-16.52773440851139 -7.910248934349525  36.04655355379523 1 2 0.001 7 0
-18.64147050609332  5.495503954064071  39.35484129902957 -1 2 0.001 4 0
-15.99046432876496  4.356208987685534  32.86625752847962 1 2 0.001 7 0
-19.18546457718477  -1.41936255187636  49.53193431894218 -1 2 0.001 4 0
-18.76548547381034  5.972463419059117  47.57480392768897 1 2 0.001 7 0
-16.19672044441183  11.15578138033972  40.44039614035639 1 2 0.001 7 0
-12.16499206017258  15.71797379897137  41.87462010861307 -1 2 0.001 4 0
 6.036270099233405 -3.020828107119363  25.23539909048095 -1 2 0.001 4 0
 10.46979825271601 -13.02173165275069  33.07343894004548 -1 2 0.001 4 0
 5.065379214220173 -10.25774403652769  27.65370607265093 1 2 0.001 7 0
 15.0735826475138 10.78307235017147 36.54065759042596 1 2 0.001 7 0
-6.951244676168367  18.74097653104784  43.52966231285384 1 2 0.001 7 0
-0.1192329393510006   19.53117952648262   48.36439268115323 -1 2 0.001 4 0
-15.02688668453496  1.854193573046819  57.12925352298125 1 2 0.001 7 0
-9.900791175459057 -17.34857538512674  43.00263510413015 1 2 0.001 7 0
19.43941506443583 -3.27088331905745  40.7043772129579 1 2 0.001 7 0
18.21049991804491 8.122337530760964 42.50397328714563 -1 2 0.001 4 0
19.84124678178392  -0.5700802170692 46.53657023748855 -1 2 0.001 4 0
18.00051853668075 6.825850755906412 49.48247600494715 1 2 0.001 7 0
6.550718565490798 13.89564072261086 56.86911925251061 -1 2 0.001 4 0
7.152292083638496 10.24453258490904 59.68213068320922 1 2 0.001 7 0
1.197827200606372 5.761370770280311 63.17672619636858 1 2 0.001 7 0
-2.575124944010733 -1.725696838369161   63.8211888857727 -1 2 0.001 4 0
 1.598790933429283 -14.10588256448392  58.15554640897129 1 2 0.001 7 0
 4.875076392089378 -7.660911565663302  61.88549926896442 -1 2 0.001 4 0
 14.93514422161096 -6.934798502825887  55.42130563436927 -1 2 0.001 4 0
 5.705358731807388 -17.39350502887666  52.12318130155885 -1 2 0.001 4 0
 13.79107553017552 -14.48485070747668  44.34494477547409 -1 2 0.001 4 0
 17.95187341077226 -2.615716903736689   35.6434390709566 -1 2 0.001 4 0
 14.37503369095337 -4.960839488479247  31.07240604971321 1 2 0.001 7 0
5.684474983453542  18.4197726611218  49.4055389467979 1 2 0.001 7 0
10.47829313000359 16.54290883713993 48.13741727121299 -1 2 0.001 4 0
2.339255478450215 19.01246211808932 38.31173079039299 1 2 0.001 7 0
-3.490049400896154  8.001086131020376  62.05306870752941 -1 2 0.001 4 0
-4.318442208123891  -13.1671838469651  58.48331627686743 -1 2 0.001 4 0
 9.125250003416994 -17.71095323567882  42.36535126377224 1 2 0.001 7 0
-1.326321353805063 -17.59648120848293   34.6399170507332 1 2 0.001 7 0
 3.178087993543107 -19.44099744205248   40.6072028136511 -1 2 0.001 4 0
 2.009702954245528e-08 -2.330641005299728e-08      44.06230943976773 0 20 1000000 3 0
 17.68168077583774 -1.193094610887687 -34.80298315578544 -1 2 0.001 4 0
0.5438763481035164  19.93319228071597 -42.52720963429445 -1 2 0.001 4 0
 5.919751543614112  16.77639891638693 -53.19978549287859 -1 2 0.001 4 0
-6.407396212043208  17.04589161906398  -52.3317020558383 -1 2 0.001 4 0
  19.94540526740897 -0.4355760106502656  -45.46785833258321 -1 2 0.001 4 0
 6.407396131493511 -17.04589159007923 -35.79291688843658 -1 2 0.001 4 0
 16.28691406436376  -10.8038417676997 -39.81991408102144 -1 2 0.001 4 0
-11.24656831768049 -4.672509623779296 -59.92632039693618 1 2 0.001 7 0
-3.765054872596281  7.410853682500679 -25.86885635952234 -1 2 0.001 4 0
-16.47323101115673  4.875531029100115 -33.82479209800096 -1 2 0.001 4 0
-12.69274284225366  7.857336278891141 -30.75264581932266 1 2 0.001 7 0
-3.080502406568451  19.44172715488346 -47.60072020716633 1 2 0.001 7 0
 3.784779510566573  -15.0010775018231 -31.38393247655125 1 2 0.001 7 0
-2.624928695316784 -14.85881070782549 -30.93712769226362 -1 2 0.001 4 0
-8.764645724013421 -17.41879154384829 -39.60738439246492 1 2 0.001 7 0
-11.51338532626285 -14.13048166544828 -35.82663060216677 -1 2 0.001 4 0
 3.852448668844195 -1.858244696160717 -63.59935543868718 -1 2 0.001 4 0
 1.864116564258927 -12.79980082973681 -59.31468866075363 1 2 0.001 7 0
 7.222735851504259 -10.82437515722609  -59.2496590743503 -1 2 0.001 4 0
 4.925655757766358 -19.29262548800649 -45.92709349716522 1 2 0.001 7 0
 19.04849256313038 -5.915471462589727 -42.57318246522869 1 2 0.001 7 0
 5.967397769528534  14.06510384422274 -31.15729228659016 -1 2 0.001 4 0
 5.773381042880156  17.05202285661976 -35.34648755103721 1 2 0.001 7 0
 10.31469407548222  16.82477683747402 -40.80899308486003 -1 2 0.001 4 0
-3.685338900692261  19.14997889571318 -39.63127902169239 1 2 0.001 7 0
-8.001643521541491  14.57487820734268 -32.94764624815979 -1 2 0.001 4 0
-11.19613131226139 -5.649378565858195  -28.4820461779419 -1 2 0.001 4 0
 1.280123652590261 -4.308714525239682 -24.57456140351347 -1 2 0.001 4 0
-3.993755864963003  -1.39297171772335 -24.51493292780182 1 2 0.001 7 0
 9.047363393193168  3.194420856346273 -26.51790483622955 -1 2 0.001 4 0
 4.058455601879439   8.24314256934249 -26.29710122507203 1 2 0.001 7 0
 8.600386515192847 -8.970099639761587 -28.39118630211463 -1 2 0.001 4 0
 13.39756597472037 -3.111849312576216 -29.53739978014797 1 2 0.001 7 0
 13.16664129648907  6.040520408654428 -30.27626080846157 1 2 0.001 7 0
 15.98886467249356  8.296847773060446 -35.38208824979487 -1 2 0.001 4 0
 -13.6341951085732  14.48358123850331 -41.97685703995908 -1 2 0.001 4 0
-19.50293331271631  3.410225201513799 -46.88071371295681 -1 2 0.001 4 0
-17.88338231642259  8.236852153340687 -40.53235929010432 1 2 0.001 7 0
-0.5962134718761399   15.13074039924831  -57.13013310629155 1 2 0.001 7 0
 17.25194647063469  9.733619461922572 -41.33197761728927 1 2 0.001 7 0
 17.65415279801511  7.682691841335091 -49.47491006484644 -1 2 0.001 4 0
 13.29149970016625  -12.3371521245335 -35.62897695470116 1 2 0.001 7 0
-10.64943652367719 -11.00794753608455 -31.19622085165833 1 2 0.001 7 0
-11.42213354117985   4.66248863081047 -59.79956812255865 1 2 0.001 7 0
-1.032557701870757  9.480484528945068  -61.6429045555538 -1 2 0.001 4 0
-6.635785601345935  1.632097135145629 -62.86190095589758 -1 2 0.001 4 0
 1.344359459265068  3.135801494202237 -63.76887076364177 1 2 0.001 7 0
  14.75066700194886 -0.9902030181616317  -57.53273791906557 -1 2 0.001 4 0
 12.96238065092884 -5.195617914911739 -58.38246264689086 1 2 0.001 7 0
 13.26968928070325 -11.71738691217669 -53.36861380069904 1 2 0.001 7 0
 9.014239815816445  -17.2474743593314 -48.67649657083957 -1 2 0.001 4 0
-5.099989935016772 -18.96257517259675 -47.87835824902261 1 2 0.001 7 0
0.5981601913925058 -17.61270255429549 -53.52576251747102 -1 2 0.001 4 0
-5.642816742374668 -10.05233822182544 -60.41118932580169 -1 2 0.001 4 0
-12.12232822769726  -15.2142301046508 -48.71409953380361 -1 2 0.001 4 0
-16.51963890560539 -5.752803516886443 -53.76237798160948 -1 2 0.001 4 0
-12.76443843529731  8.776437715872689 -56.71269938919468 -1 2 0.001 4 0
-15.48717877517835  10.37527108257595 -51.30731854164269 1 2 0.001 7 0
 15.11227997180966  7.368404349108574 -54.90098989543197 1 2 0.001 7 0
 11.23303723072505  8.258792047966478 -58.40386418969189 -1 2 0.001 4 0
 11.52943191782026  15.88871312855811 -47.88800965410081 1 2 0.001 7 0
 16.25675855950947 -10.47296873243809 -49.15151069576442 -1 2 0.001 4 0
-2.000010944497241 -19.86066529358765 -42.82011736775293 -1 2 0.001 4 0
-18.30275888261082 -6.938094914377497 -48.14882088376175 1 2 0.001 7 0
-18.02127140515773 -2.783526703901699 -35.83658675487274 1 2 0.001 7 0
-18.31309295799265 -7.700704817240667 -41.75576259814507 -1 2 0.001 4 0
-4.027430466347242e-08    1.4495705098125e-08     -44.06230947212585 0 20 1000000 3 0
-10.58949326501448 -17.14086636345167 -3.724563761220685 -1 2 0.001 1 0
-52.98819506949582 -14.01079688270804 -67.12684919158471 -1 2 0.001 1 0
 13.4055898104518 42.91183427669213 30.51575265241553 -1 2 0.001 1 0
23.11864770617201 30.70977074487683 43.54378245191975 -1 2 0.001 1 0
-25.04706901235286 -33.33385815177985  34.77034468249262 -1 2 0.001 1 0
16.54954801068007 11.03934180457971 31.16644085083844 -1 2 0.001 1 0
-15.17012918807636 -45.90530325195488  4.805892710375867 -1 2 0.001 1 0
-33.67031825514871   38.6192852131381 -17.56742202182221 -1 2 0.001 1 0
 36.44957599490117 -32.96510895696149 -58.73802291643358 -1 2 0.001 1 0
 12.27985975618254  36.01278800937742 -12.74049923818494 -1 2 0.001 1 0
 22.06087457046877  6.910042176915123 -70.25635347287538 -1 2 0.001 1 0
 11.64726009880997 -15.78808652050159 -79.94034895648957 -1 2 0.001 1 0
12.19286355527358 39.84582569551671 24.87800944749472 -1 2 0.001 1 0
 35.52717388208396 -22.71021333004844 -27.50298477948941 -1 2 0.001 1 0
  19.3339767071194 -48.92244317808631  70.62193556963908 -1 2 0.001 1 0
-23.62479732346479 -27.96086620343825  37.91934905509007 -1 2 0.001 1 0
  45.4333667119363 -16.67177024106584  70.17557311684139 -1 2 0.001 1 0
 -34.2653368476338 -6.536769278509805 -96.13224005229887 -1 2 0.001 1 0
15.50384221185337 2.798951753782127 60.72947954119836 3 0.5 0.001 2 0
 -25.0635677672209 -26.18310738387546   40.2097686115025 3 0.5 0.001 2 0
 17.53747852631987  7.803158632781757 -72.98884133650934 3 0.5 0.001 2 0
 13.1240786042028  41.5432482498426 26.94592797414531 3 0.5 0.001 2 0
-6.473995480512223  2.464311409267488 -65.36926175463951 3 0.5 0.001 2 0
  24.49459843305466 -0.2449460378721526  -44.31058009159022 3 0.5 0.001 2 0
-10.68411388731747  12.48814712321011 -90.96282742475269 1 2 0.001 5 0
-29.23312298485295 -13.18187920099569  14.94727863390693 1 2 0.001 5 0
 37.91289338730384 -11.06335468971254  25.38592982731736 1 2 0.001 5 0
 18.28505464054233 -41.37188379649683 -26.57575764780809 1 2 0.001 5 0
 -29.7231501381567 -9.866992922297795  5.092488481950177 1 2 0.001 5 0
-6.506653707706871 -34.29813878150325   62.4062772370719 1 2 0.001 5 0
-22.88904574753748  37.31779157451972   81.1563741063031 1 2 0.001 5 0
0.7738589194155283 -27.03993379683374 -1.842488231863392 1 2 0.001 5 0
 28.00254030437966 -25.41977822078571  79.59838111779652 1 2 0.001 5 0
11.25172096035026 45.33704552609823  60.1108587312397 1 2 0.001 5 0
 24.89271515842577  -16.4248284238059 -14.20114513280526 1 2 0.001 5 0
-33.02758248135909 -22.77801787048297   -30.272428424079 1 2 0.001 5 0
-23.19583541036471  23.26288050904807  12.10569104037546 1 2 0.001 5 0
 -2.27198406959096  32.75741235510858 -34.45177413039696 1 2 0.001 5 0
 6.498502575368082  -35.2641221525513 -57.38414693542841 1 2 0.001 5 0
-37.04790810915466  27.51431869696914  18.33751128957579 1 2 0.001 5 0
5
0 66 0 67  2.667560019755044e-14 -9.699499637327539e-15      44.06230946961956
67 133 1 67 -5.359318124746683e-15   5.67729558814258e-14     -44.06230946961958
134 151 2 1  8.449830615285725 -7.033072727058045  2.532766715052052
152 157 3 1  10.82930679588074 -3.063054052481537 -10.56172686957089
158 173 4 1   8.63203078353485 -1.179162629044921 -18.46809818697355
randomstate
775329022 676499453 319725031 62064321 2699146994 2705873345 3789306958 346403508 1040294313 216730128 56370718 2565025881 4206906672 1166335630 3896978471 2934391711 2184468429 801559537 961920310 345756613 1550957175 1715238144 3634576889 961610633 2477825054 1271106265 1436394823 4034557352 1524768575 2824574649 2486004134 1489412719 3849173854 1712689088 2824165776 46683754 3195408244 1143758084 2221466815 2867433503 1893416218 268437150 1901609983 3183206031 335142839 2827432610 3036219166 2873910698 2864426299 1688557591 2312184238 2169419320 3373690085 1037100967 631525660 1386236629 376455746 753601062 277398434 4218837028 780880084 4003144364 1176402331 4195789209 2708423147 3552682040 3675596388 2378012193 2938974061 89792491 964196576 736190219 788054678 3822477637 2622741579 2990999128 472525113 2723683541 3359199360 414202366 2763450580 3405590210 765222296 1858778640 934407689 1120687065 223020164 3366746705 1605965433 3633372055 4104500814 3051847452 755208627 1074940916 2523684697 3814170783 2268445034 653568237 771190873 1496355340 1367962964 166767838 2263567155 21852999 3163109421 3741702870 2992082648 706302832 3260302931 4018062815 2609789890 535685916 651674110 53464424 540790585 2477276307 1953935113 103213882 2141648831 3679802066 2745533709 764522604 565542679 1093227429 3813462905 1886221570 2085057046 3777381788 1037091523 3566543022 948911800 490976906 112606436 4259688653 3052131654 2547381918 2486369922 3005535188 3427612914 742737790 2160102742 1178456567 3153640946 1548579968 624564240 2781189085 2460711403 778310818 3633686215 3102771476 2935395226 3001992287 2942735127 2323107364 243256386 974397610 2137130216 1103991978 680452499 2688915965 3783615239 2527917225 1526756092 4123202418 4020549249 2913255545 3745695339 3731733272 2073229673 2119610800 1340596473 512618696 335222619 1813021915 735853499 4111730679 4052053173 1329414653 199451305 3256256741 2154592152 3621607178 1416153229 1127980288 3767204061 1396223321 1172714739 4043560376 3339153622 2241745588 3571958068 709697873 1899589688 1495925376 3242187644 517353677 484156331 2543800264 2619982439 1185006068 2388628220 4184237092 535223680 1543812712 580967318 3976594271 2203359596 293378770 1472329710 3045603459 3140029238 1930644884 1604309561 3589273120 446723251 4257380371 759979238 2792456069 2547510617 3107553735 292578982 2373175756 4077304145 2762742072 2485151572 4252509752 1052965837 449542064 4240426874 1440225707 3760001157 2793155370 3666623020 1585792039 3356150814 4155269352 513212241 2197056386 3576823432 3150891914 2852924498 939923403 4160428739 1927427966 1033432819 2287951713 2006469604 1615267585 3124754909 3990066834 837339968 1394631453 306901066 4228432079 2403466961 1605893403 3363963812 2823299930 2994511974 1344263986 3340040229 1511649613 4238451791 2358585060 2879909186 3438122314 4099883087 2434560430 3819120717 2699236646 816718193 1982415533 2486236032 1013022633 2270891874 3983864948 3092727078 2413160310 2177757176 445859771 3167187435 1790852919 775708860 1778445862 4194349697 297255755 2243040830 3150677383 3166682222 482458941 2955334697 3163376401 2058544060 1741500271 2062825855 1060210075 4004602273 3433565679 3153577092 2458771913 801446543 3991603801 2331824492 2300658877 3547838438 3389323770 1648094487 3486549041 3590705405 2845858329 3178601345 1037290350 2485188319 3117066564 2923840046 613773679 2320006154 2401814786 3521738541 2191836060 2252903928 3356359479 1622770493 100081703 3680266539 70360950 2512481877 985521506 319799774 2069303070 382308194 2056174785 3022079656 1940233894 3786663172 3926011488 1829677605 2962096575 4036180442 1739162519 530218015 1914272453 2639288609 4068548557 1246533382 1896074190 4130869060 4196429199 4136413559 2046672922 147986542 3578063364 610376713 2794462217 3756771142 833666255 2320804424 1123010042 2849497504 1705555855 3943509242 3155768317 1235540172 1810963831 975592397 2862150811 3745020593 1606117082 4068978090 616225659 974579666 3228465908 1262940598 258305582 216648430 1379283991 3002138610 2058722847 832920574 127656561 850794162 2443484384 1297395695 2680551182 1951978775 1875485460 306516999 1208524848 1075899296 2460418952 811315221 262010321 2533196857 3338607805 1050318382 3064487505 3196293583 3538797088 61068247 510296934 1896198904 2643255182 676445929 1820028129 2790257958 3239290536 2204024930 2482237117 4149066360 909202291 106872301 629389661 1532968834 31422053 1997666380 1010566888 2942267612 4094029034 3055802046 4041561523 2240791875 4014350355 2941031130 1652709552 3837528113 2473917068 735292109 4022563729 3113865453 420555836 4164314236 3429514871 558794663 752778461 3626631918 1262326056 3563878339 707028305 378444911 3339677741 6884642 96467611 3782033468 1639548266 3947832094 253192258 186834587 2541623099 4279072814 840425149 2610300118 1811323302 2208452671 2222656138 2913812684 678726183 1350888927 886980821 1596214453 45100702 940754123 2919033843 1161490191 1381517505 2976192561 3225327807 3951151886 2141751532 2456834442 2254293646 1087212486 3004545409 3274274807 1315282341 2947448951 161141836 3801443373 1337804162 3971087390 929372412 1640558893 3292062499 4294344476 2400193369 3668864826 779295282 1551683367 4121797813 1632777712 3111373686 4212477811 3427688795 1286433008 2880140178 1085839686 3947458262 221767268 1610936663 2218961439 514746800 726076956 2287038968 73359950 2693933185 1048792482 3979448247 3906333168 3701579102 4138065751 3110153768 3199596852 536401591 1844894827 472479702 1594127399 981080967 3720467424 3495485357 1160629510 4239309133 2867974647 3075414465 1208514641 1849747645 3316217996 3731810210 2359961451 2834023262 2421430858 2504584577 1819985573 2877904526 2504195293 3774718836 3617459054 219913071 3102334555 2692257540 1617328496 3195790429 1851934461 1445813427 122560230 454499728 1630885328 2398826166 4224435273 1469914402 3668267835 601156375 3524328147 1078472474 2559117631 839056009 3862049277 1876692128 2875041269 1169195801 1294232178 3617110393 2669245791 1315375785 3298443842 1567706368 3855620937 3841972104 3439479079 1311312964 1910148787 2100475756 1018622145 1548121885 2830201442 3457656264 2134942638 55602226 88237268 2533224040 3545908367 631341685 469490933 1991616580 2672746041 2621171423 3428307466 454376606 1969123722 3031674987 523156077 3354564402 46332221 871715282 2492666869 497477962 3360935231 2226032560 3695417358 2989605662 3579379226 2618913116 264257459 1090759507 1228079393 3974026095 1928056933 2739046505 1961881877 2964919053 1561737058 921320476 2032963907 3458587284 4124648858 4109392961 1875453750 2165612640 2027553218 1130360005 2207108894 2681902250 4198209938 3206955128 3099461920 3919109040 136