39.3 0.0002
39.8 0.0002
40.1 0.0004
40.2 0.0036
40.3 0.0016
40.4 0.0023
40.5 0.0096
40.6 0.0097
40.7 0.0238
40.8 0.0362
40.9 0.0442
41 0.0782
41.1 0.1104
41.2 0.1242
41.3 0.261
41.4 0.3038
41.5 0.3844
41.6 0.4571
41.7 0.5258
41.8 0.7248
41.9 0.8453
42 0.9995
42.1 1.0531
42.2 1.409
42.3 1.3958
42.4 1.607
42.5 1.7769
42.6 1.8834
42.7 2.0671
42.8 2.132
42.9 2.1934
43 2.2273
43.1 2.3804
43.2 2.4576
43.3 2.6304
43.4 2.4779
43.5 2.3425
43.6 2.4252
43.7 2.45
43.8 2.3664
43.9 2.3759
44 2.3043
44.1 2.2059
44.2 2.0987
44.3 2.0377
44.4 2.0813
44.5 1.9388
44.6 1.8706
44.7 1.7673
44.8 1.714
44.9 1.6629
45 1.6167
45.1 1.6915
45.2 1.548
45.3 1.5669
45.4 1.5219
45.5 1.4141
45.6 1.4357
45.7 1.3689
45.8 1.3562
45.9 1.266
46 1.3346
46.1 1.3298
46.2 1.2267
46.3 1.2225
46.4 1.176
46.5 1.1753
46.6 1.1655
46.7 1.1374
46.8 1.2398
46.9 1.1013
47 1.1286
47.1 1.0878
47.2 1.0615
47.3 1.0417
47.4 1.1106
47.5 1.0043
47.6 1.0669
47.7 1.0192
47.8 1.0115
47.9 1.0204
48 0.9864
48.1 1.072
48.2 0.9727
48.3 1.0329
48.4 0.9268
48.5 1.0976
48.6 0.9469
48.7 1.001
48.8 0.9499
48.9 1.0143
49 1.0128
49.1 0.9632
49.2 1.0484
49.3 1.0078
49.4 0.9631
49.5 0.9981
49.6 1.0095
49.7 1.0083
49.8 0.9758
49.9 0.9313
50 1.0125
50.1 1.019
50.2 1.0323
50.3 0.9797
50.4 0.9587
50.5 1.0011
50.6 1.0981
50.7 1.0772
50.8 0.9717
50.9 1.0241
51 0.9881
51.1 1.0184
51.2 1.016
51.3 1.0482
51.4 1.0084
51.5 0.9907
51.6 1.0526
51.7 1.0012
51.8 0.9767
51.9 0.9831
52 1.0164
52.1 1.0911
52.2 1.034
52.3 1.0377
52.4 1.0586
52.5 1.0394
52.6 1.0587
52.7 1.0542
52.8 1.046
52.9 1.0598
53 1.0329
53.1 1.1014
53.2 1.0616
53.3 1.0872
53.4 1.0466
53.5 1.097
53.6 1.0974
53.7 1.2103
53.8 1.1081
53.9 1.2115
54 1.2214
54.1 1.0974
54.2 1.0637
54.3 1.2185
54.4 1.1915
54.5 1.1781
54.6 1.1627
54.7 1.1494
54.8 1.2049
54.9 1.2477
55 1.2006
55.1 1.1648
55.2 1.2481
55.3 1.3483
55.4 1.265
55.5 1.2011
55.6 1.3286
55.7 1.251
55.8 1.3239
55.9 1.2117
56 1.2873
56.1 1.3473
56.2 1.3171
56.3 1.3809
56.4 1.437
56.5 1.3957
56.6 1.3293
56.7 1.3709
56.8 1.5068
56.9 1.5021
57 1.4156
57.1 1.3249
57.2 1.4164
57.3 1.4995
57.4 1.4363
57.5 1.3742
57.6 1.405
57.7 1.5462
57.8 1.4417
57.9 1.4538
58 1.4293
58.1 1.5044
58.2 1.5542
58.3 1.51
58.4 1.5243
58.5 1.5436
58.6 1.5849
58.7 1.5714
58.8 1.6726
58.9 1.6707
59 1.7145
59.1 1.6897
59.2 1.6446
59.3 1.7765
59.4 1.672
59.5 1.699
59.6 1.8057
59.7 1.752
59.8 1.7013
59.9 1.7102
60 1.8088
60.1 1.8068
60.2 1.7757
60.3 1.7385
60.4 1.8726
60.5 1.8322
60.6 1.9266
60.7 1.8498
60.8 1.8558
60.9 1.8994
61 1.9689
61.1 1.8711
61.2 1.9133
61.3 1.9249
61.4 1.9674
61.5 1.9952
61.6 1.8977
61.7 1.907
61.8 2.013
61.9 1.9481
62 2.0756
62.1 1.9668
62.2 1.9797
62.3 2.0616
62.4 2.0572
62.5 2.0668
62.6 1.9947
62.7 2.2158
62.8 2.0171
62.9 2.1115
63 2.1838
63.1 2.1374
63.2 2.1622
63.3 2.1396
63.4 2.2297
63.5 2.1602
63.6 2.1665
63.7 2.2184
63.8 2.1613
63.9 2.2256
64 2.2871
64.1 2.2763
64.2 2.4063
64.3 2.3959
64.4 2.3389
64.5 2.4054
64.6 2.4231
64.7 2.495
64.8 2.4696
64.9 2.34
65 2.5304
65.1 2.457
65.2 2.5005
65.3 2.5601
65.4 2.4173
65.5 2.5105
65.6 2.6195
65.7 2.4785
65.8 2.6201
65.9 2.492
66 2.722
66.1 2.5277
66.2 2.6894
66.3 2.6037
66.4 2.6019
66.5 2.6443
66.6 2.6486
66.7 2.6421
66.8 2.6566
66.9 2.8076
67 2.7881
67.1 2.77
67.2 2.7967
67.3 2.7918
67.4 2.7356
67.5 2.7772
67.6 2.7534
67.7 2.8114
67.8 2.83
67.9 2.9541
68 2.987
68.1 2.8834
68.2 2.9841
68.3 2.9458
68.4 2.9688
68.5 2.9907
68.6 2.9224
68.7 2.811
68.8 2.9791
68.9 2.9934
69 3.052
69.1 3.1604
69.2 3.0331
69.3 3.1592
69.4 3.1713
69.5 3.1479
69.6 3.2522
69.7 3.2185
69.8 3.0584
69.9 3.2576
70 3.1245
70.1 3.0931
70.2 3.2366
70.3 3.358
70.4 3.2604
70.5 3.2073
70.6 3.3007
70.7 3.4063
70.8 3.0554
70.9 3.3967
71 3.437
71.1 3.4358
71.2 3.4016
71.3 3.3155
71.4 3.4717
71.5 3.4249
71.6 3.5165
71.7 3.4325
71.8 3.4321
71.9 3.513
72 3.4212
72.1 3.581
72.2 3.5256
72.3 3.6794
72.4 3.6702
72.5 3.5726
72.6 3.6677
72.7 3.757
72.8 3.6792
72.9 3.801
73 3.5853
73.1 3.6794
73.2 3.7199
73.3 3.7683
73.4 3.6632
73.5 3.7381
73.6 3.8362
73.7 3.8309
73.8 3.8581
73.9 3.8879
74 4.0442
74.1 4.001
74.2 3.9492
74.3 3.9715
74.4 4.0286
74.5 4.0261
74.6 4.1373
74.7 4.1174
74.8 3.8711
74.9 4.0576
75 4.0333
75.1 3.966
75.2 4.1848
75.3 4.1556
75.4 4.0846
75.5 3.9021
75.6 4.1538
75.7 4.1257
75.8 4.2167
75.9 4.0922
76 4.1048
76.1 4.2282
76.2 4.2206
76.3 4.1314
76.4 4.2591
76.5 4.3761
76.6 4.2819
76.7 4.4919
76.8 4.3084
76.9 4.1988
77 4.3423
77.1 4.4572
77.2 4.5467
77.3 4.4738
77.4 4.6853
77.5 4.6056
77.6 4.4628
77.7 4.532
77.8 4.5202
77.9 4.6301
78 4.5038
78.1 4.5798
78.2 4.5407
78.3 4.5247
78.4 4.5944
78.5 4.7551
78.6 4.6798
78.7 4.623
78.8 4.7141
78.9 4.7785
79 4.6969
79.1 4.7677
79.2 4.7246
79.3 4.7293
79.4 4.7294
79.5 4.8035
79.6 4.8361
79.7 4.8129
79.8 4.777
79.9 4.8489
80 5.071
80.1 4.9217
80.2 4.8277
80.3 4.9329
80.4 4.8424
80.5 4.937
80.6 5.0661
80.7 4.9504
80.8 4.9036
80.9 5.0791
81 4.9007
81.1 5.1562
81.2 4.9523
81.3 5.2189
81.4 5.1854
81.5 5.0128
81.6 5.1083
81.7 5.2411
81.8 5.3475
81.9 4.9042
82 5.0877
82.1 5.13
82.2 5.2726
82.3 5.2249
82.4 5.1813
82.5 5.1044
82.6 5.2423
82.7 5.0736
82.8 5.2685
82.9 5.4363
83 5.2856
83.1 5.1978
83.2 5.3398
83.3 5.2845
83.4 5.118
83.5 5.3367
83.6 5.2927
83.7 5.2188
83.8 5.3125
83.9 5.1713
84 5.285
84.1 5.2934
84.2 5.5638
84.3 5.4633
84.4 5.312
84.5 5.2781
84.6 5.3159
84.7 5.5698
84.8 5.3801
84.9 5.6564
85 5.5682
85.1 5.483
85.2 5.605
85.3 5.4068
85.4 5.4937
85.5 5.3838
85.6 5.4714
85.7 5.5779
85.8 5.4801
85.9 5.5037
86 5.5146
86.1 5.6536
86.2 5.7595
86.3 5.487
86.4 5.7799
86.5 5.6146
86.6 5.7332
86.7 5.6745
86.8 5.4526
86.9 5.8312
87 5.6952
87.1 5.7988
87.2 5.6415
87.3 5.8155
87.4 5.7414
87.5 5.695
87.6 5.7735
87.7 5.7258
87.8 5.6915
87.9 5.7921
88 5.9223
88.1 5.7817
88.2 5.8218
88.3 5.786
88.4 5.7927
88.5 5.8081
88.6 5.8194
88.7 5.6293
88.8 5.8959
88.9 6.0139
89 5.8289
89.1 5.8243
89.2 5.9184
89.3 5.8566
89.4 5.7269
89.5 5.7306
89.6 6.0398
89.7 5.7904
89.8 5.7013
89.9 6.0776
90 5.901
90.1 5.7284
90.2 6.1518
90.3 5.8329
90.4 6.0918
90.5 6.0374
90.6 5.8807
90.7 5.918
90.8 5.9645
90.9 5.8528
91 5.8276
91.1 5.969
91.2 5.8013
91.3 5.9729
91.4 5.9362
91.5 5.805
91.6 6.0409
91.7 5.8938
91.8 5.9809
91.9 6.0841
92 6.0743
92.1 5.7446
92.2 6.0154
92.3 6.2025
92.4 5.9868
92.5 6.2088
92.6 6.0274
92.7 6.1229
92.8 6.0153
92.9 6.0651
93 6.1095
93.1 6.3057
93.2 6.0997
93.3 5.838
93.4 5.9714
93.5 6.1278
93.6 6.1649
93.7 6.1193
93.8 6.1287
93.9 6.1056
94 6.2937
94.1 6.1164
94.2 6.128
94.3 6.0299
94.4 6.2227
94.5 6.3141
94.6 6.3257
94.7 6.2549
94.8 6.2164
94.9 6.4966
95 6.3196
95.1 6.1987
95.2 6.0715
95.3 6.3486
95.4 6.1326
95.5 6.2792
95.6 6.3631
95.7 6.3596
95.8 6.2994
95.9 6.114
96 6.4964
96.1 6.1181
96.2 6.0674
96.3 6.231
96.4 6.2205
96.5 6.1612
96.6 6.3409
96.7 6.0744
96.8 6.0527
96.9 6.4499
97 6.4187
97.1 6.3329
97.2 6.3665
97.3 6.5087
97.4 6.2763
97.5 6.1993
97.6 6.314
97.7 6.2749
97.8 6.5743
97.9 6.4772
98 6.2562
98.1 6.2303
98.2 6.3478
98.3 6.2334
98.4 6.7901
98.5 6.2814
98.6 6.5146
98.7 6.5316
98.8 6.371
98.9 6.368
99 3.2195
