1900663.555421825
174
-3.805506363000542  7.417686047466337  3.807240544259806 1 2 0.001 7 0
 16.60738624477095 -10.97550125052777  23.86107838904611 -1 2 0.001 4 0
 -11.13362710935843 -0.5369242784188473   5.375933098763704 1 2 0.001 7 0
0.6458540321120187 -2.421135173265693  2.138906638962344 1 2 0.001 7 0
7.057278393911401 7.764513010046954 4.955105442109152 1 2 0.001 7 0
-12.00221018960108  10.81377042546618  10.19174664707227 1 2 0.001 7 0
-10.77252114259598  -14.9847172547452  29.68815927149901 -1 2 0.001 4 0
-0.7602433222084871   15.94405285872777   9.931675449839414 1 2 0.001 7 0
-12.64806423141785  13.23490562351722  30.03415015343576 -1 2 0.001 4 0
-10.99172526344669  -10.4023337293734  8.902567254914596 1 2 0.001 7 0
18.12457292430962 1.420373616460127  13.6490056561704 -1 2 0.001 4 0
 7.387466572432604 -16.61021222740658  13.65503025361829 -1 2 0.001 4 0
 -15.0151331319304 -13.03103380278595  19.80679082690507 -1 2 0.001 4 0
-13.81533992503707  -10.7980620490188  31.59812571775558 1 2 0.001 7 0
17.67628310171868 7.323797947849501 16.14957579892022 1 2 0.001 7 0
10.99174028115078 10.40233860425981  35.0600378172721 1 2 0.001 7 0
6.703371264464388 18.80963032292729 23.13988357351472 -1 2 0.001 4 0
-3.311838868100398 -12.47048985139863  37.26443738172316 -1 2 0.001 4 0
0.4350165228982588 -15.83506833215162  9.766042908483657 1 2 0.001 7 0
 0.420297987077851 -19.26222321576112  16.61441685916986 -1 2 0.001 4 0
-4.647220574289849  -19.4442812169004  22.56974226377328 -1 2 0.001 4 0
-8.614543617301836  -17.8170707137273  19.09726937386756 1 2 0.001 7 0
-5.595855944213995 -15.51187108984534  10.65921254977613 -1 2 0.001 4 0
  3.93475080219912 -9.492054145908925  4.822237721420433 -1 2 0.001 4 0
-14.53539590985258 -6.537792976286926  9.898140716680414 -1 2 0.001 4 0
 10.62892419844263 -5.622578828277696  5.999257231561418 1 2 0.001 7 0
13.98794482882968 6.478861107098573 9.238282929997256 -1 2 0.001 4 0
 18.98105639298721 -5.223792007414448   18.4588739028809 1 2 0.001 7 0
 14.06347711453258 -13.03614524941446  16.29879611668168 -1 2 0.001 4 0
 14.94166363534971 -6.139554202173637  10.18409841998807 -1 2 0.001 4 0
 9.760932406235035 -17.44984400946513  21.74708898588558 1 2 0.001 7 0
-10.06409680730233  4.536268096570494   5.30576901018209 1 2 0.001 7 0
-18.67492790322563  4.076187189736577  16.09843522837436 1 2 0.001 7 0
-15.89711069972114  11.26016201348372  17.44912291860211 -1 2 0.001 4 0
-0.07507193382334372   -17.40521300308039    31.83353638007122 1 2 0.001 7 0
  6.60582828932063 -18.16725596349291  27.09419194914397 -1 2 0.001 4 0
 11.47291958229073 -13.15381145373247  31.74106568033708 1 2 0.001 7 0
 7.536866573733891 -11.89298820600254  36.17627035117251 -1 2 0.001 4 0
16.50779665253129 5.991332367473199 31.55453757801038 -1 2 0.001 4 0
19.97222792796539 0.174909618729416 20.94694877724975 -1 2 0.001 4 0
 2.52400616278403 10.28086103990255 5.014556355944138 1 2 0.001 7 0
1.729880371131629 19.30425640628697 17.04134083514041 -1 2 0.001 4 0
-11.07614996166009  8.330186467700369  36.39881133618013 1 2 0.001 7 0
-17.10108086292737  10.06334954230782  24.49060132410841 1 2 0.001 7 0
-16.77005045582805  6.056549535142981  31.04802174010885 -1 2 0.001 4 0
-1.783317809982396  4.886818195764597  41.29432075856059 1 2 0.001 7 0
-3.934750821605163  9.492054195488816  39.14038256921786 -1 2 0.001 4 0
-11.28960447887929 0.5434792462981994  38.48096385639793 -1 2 0.001 4 0
-13.98795800702413 -6.478869099444875  34.72432279446504 -1 2 0.001 4 0
-8.695779523349367 -5.101163850205784  39.25414017084171 1 2 0.001 7 0
-1.220481722771192 -2.731534406526312  41.75841028257048 -1 2 0.001 4 0
4.761738750118684 -3.12619157419606  41.1546134509523 1 2 0.001 7 0
 9.538722252937166 -1.535701403394122  39.49324427150024 -1 2 0.001 4 0
5.993920251709052 7.014715219354093 39.72552261697187 -1 2 0.001 4 0
-2.366448211388983  17.11583968440922   32.0522593605162 -1 2 0.001 4 0
6.750791269447715 16.79030836420365 30.50389155901273 -1 2 0.001 4 0
-5.697906244346998   19.0082599526777   19.4764934823229 1 2 0.001 7 0
-8.16075638448055 18.02998350143276  24.8880323514749 -1 2 0.001 4 0
-18.82576802148071  -5.09216868619467  26.42482478868178 -1 2 0.001 4 0
-18.54159263059466 -6.157466720657578  17.69417915132414 1 2 0.001 7 0
  -19.8656624179932 -0.5743954241428763   19.74168684029699 -1 2 0.001 4 0
16.78660211500395 1.513726662843558 32.74495568445987 1 2 0.001 7 0
 16.10677172031362 -3.570036442621939  33.29275457291281 -1 2 0.001 4 0
16.33725595453186 10.95451125269445 25.61136484420202 -1 2 0.001 4 0
13.16335598520855 13.78025123323181 15.92043528572821 -1 2 0.001 4 0
13.24438369250686 14.98352322103355 22.24723979151787 1 2 0.001 7 0
-9.703094800722871e-09  2.478845405704103e-08       21.9813101453209 0 20 1000000 3 0
 15.63550221362951 -9.663553290317919 -14.11063293010873 1 2 0.001 7 0
-11.99900784606282 -10.64045817481596 -33.92303930863383 -1 2 0.001 4 0
 19.78191471345735 -2.923997355496288 -21.64877757075451 1 2 0.001 7 0
 14.36350021167019 -13.74457150667064 -24.16685745151787 1 2 0.001 7 0
 7.479429889348873 -16.93184352260381 -14.40798252384972 1 2 0.001 7 0
 16.24723016569538 0.5754543663493161 -10.33309775227075 1 2 0.001 7 0
 2.260978527373144   13.6515229496971 -36.42112953839437 -1 2 0.001 4 0
 8.644303156132882 -8.081384759423242 -5.858291481843627 1 2 0.001 7 0
 1.883729982706254  14.32002585809014 -8.147550451954102 -1 2 0.001 4 0
  17.56026561449557 -0.3240861846555262  -31.55273261028487 1 2 0.001 7 0
-6.068916646199784 -19.04941034466513 -21.49848537674503 -1 2 0.001 4 0
 2.013971381285359 -10.50211770715598 -38.87658149466968 -1 2 0.001 4 0
12.32244183582134 10.07390378299873 -34.0918216903431 -1 2 0.001 4 0
 2.685361571000802  17.04440272722441 -32.09180330586156 1 2 0.001 7 0
-7.906566202636759 -17.23468201398167 -15.61341623239026 1 2 0.001 7 0
-17.56026462649449 0.3240646400819475 -12.40988353863236 1 2 0.001 7 0
-6.275478484068639 -4.808677068593533 -3.608105063086279 -1 2 0.001 4 0
-8.473400640475912  13.14941239425179 -34.44525041474435 -1 2 0.001 4 0
 9.518729214433487 -8.005856170019687 -37.64820023290292 1 2 0.001 7 0
 4.630073514493918 -3.272374494970466 -41.16118040357811 -1 2 0.001 4 0
 3.634281362188126   4.48560536018205 -41.13057457435042 -1 2 0.001 4 0
 8.785946178064696  5.027027836068548 -39.22985222539289 1 2 0.001 7 0
 12.88949196290656 -2.958377609949884 -36.98899627408441 -1 2 0.001 4 0
 10.51709998596679 -14.13209152304644 -31.45177586703636 -1 2 0.001 4 0
 19.01294768795985  2.834681101007299 -27.50361574005765 -1 2 0.001 4 0
 4.964737907586877 -18.41834499102696 -27.99208250218561 1 2 0.001 7 0
-0.2773491313555662   -19.1296223894022  -16.15004874447053 -1 2 0.001 4 0
-9.876920839600114 -16.22287199786232 -28.24556758739384 1 2 0.001 7 0
-4.596790103578635 -13.77825912030528 -35.73058411840921 -1 2 0.001 4 0
-1.000004791769197 -18.77322612712992 -28.81414373468568 -1 2 0.001 4 0
-5.523941220170471 -6.784251195337664 -39.96151390422379 1 2 0.001 7 0
  18.8679769391318 -3.932578712574644  -16.6454206645495 1 2 0.001 7 0
 16.68523237091791  9.707941293256093 -16.75298841636519 1 2 0.001 7 0
 13.47056702288921  8.321510420622786 -9.760574236948367 -1 2 0.001 4 0
-6.386728253142463  7.269709090279725 -39.48486606133812 1 2 0.001 7 0
 -7.327031733332011 -0.8309043100806371  -40.56764711173312 -1 2 0.001 4 0
-14.27603245232942 -1.470962759584965 -35.90735171672702 1 2 0.001 7 0
-14.97718690946373  4.379492551283599 -34.48124369030832 -1 2 0.001 4 0
 -18.4531512638506  -5.96263783370837 -17.08455051066672 -1 2 0.001 4 0
-12.64666235768221 -15.46347374850387 -22.94738270366278 -1 2 0.001 4 0
 10.35465990135174 -13.62600545864121  -11.6347919402529 1 2 0.001 7 0
 1.549456767831062 -5.252095316868775 -2.744242388334915 -1 2 0.001 4 0
-3.639624974898891   17.6051620660739 -13.22066848205615 1 2 0.001 7 0
 9.128097182412498  13.98876935085965 -10.98100624343834 1 2 0.001 7 0
4.250990561038286 18.29049143454716 -15.0886586214403 -1 2 0.001 4 0
-13.32910568759784  14.14609264878691 -17.26150122354861 1 2 0.001 7 0
 -10.5170999285971  14.13209149318238 -12.51084443535981 -1 2 0.001 4 0
-4.655882793637688  19.42594722283844 -21.00948692640042 -1 2 0.001 4 0
0.2773691882106925  19.12962255700755 -27.81257862768393 -1 2 0.001 4 0
-6.692521263457005  18.21908774363465  -26.8045985854489 1 2 0.001 7 0
-13.67759023144614  14.29890672145907 -24.90523501679481 -1 2 0.001 4 0
-17.22627358225094  9.484466804202697 -25.63687798917112 1 2 0.001 7 0
-19.28085758304762  4.782498559312369 -24.30287756646708 -1 2 0.001 4 0
-17.49190851150732   7.27077336400107  -15.5657528337057 -1 2 0.001 4 0
-6.698912175472726  7.947696044293094 -4.895211559907279 -1 2 0.001 4 0
-11.65612293165392 0.1783456400815718 -5.726310263757186 -1 2 0.001 4 0
 4.747271398783655  1.886068284773025 -2.643255741111081 1 2 0.001 7 0
 2.444701661888312  7.379896496338946 -3.550687693791773 -1 2 0.001 4 0
 9.595795708017633  17.07520514726568 -26.03626018164747 -1 2 0.001 4 0
 15.91572717043017   11.0276019376435 -26.99789968246337 1 2 0.001 7 0
 15.01663132714643  13.19562766925243 -21.37585159195739 -1 2 0.001 4 0
-19.30191563416203 -5.217050432408092 -21.58649221074428 1 2 0.001 7 0
-19.00232016384905 -4.174821550441786  -26.6293982987076 -1 2 0.001 4 0
-14.18490991747616  -10.0019642953274 -12.03980190782124 -1 2 0.001 4 0
-5.024177830741175 -14.27073908279921 -8.904341397933372 -1 2 0.001 4 0
-9.817687176245871 -10.11486739034294 -7.793538602279852 1 2 0.001 7 0
 2.868681708542056e-08 -1.493031972822183e-08     -21.98131015120084 0 20 1000000 3 0
  -10.657549824383 -20.63058316438358 -21.77019909670661 1 2 0.001 5 0
-48.52974433057481 -21.67316054859614  63.29762122896042 1 2 0.001 5 0
-10.87152593517821 -18.24422583854032  39.64433212856755 1 2 0.001 5 0
 23.94591019952771 -33.85086676925841 -49.84170534084011 1 2 0.001 5 0
 18.65629415867601 -39.11543836641467  93.90954274777116 1 2 0.001 5 0
 6.00167161684133  52.9551140407105 24.49630780036043 1 2 0.001 5 0
-20.5824665619053 8.923606261625382  71.3596083814125 1 2 0.001 5 0
-21.35187811584226 -9.705549791189139  41.10049707016208 1 2 0.001 5 0
 18.50736045604362   15.1266286433755 -44.67171011193552 1 2 0.001 5 0
-18.54443558379114 -46.30353732997649 -31.91511915560474 1 2 0.001 5 0
-33.37283833963716 -30.48486087982075 -2.603320114768344 1 2 0.001 5 0
 3.752288857090981  49.09060578964626 -93.61604182081915 1 2 0.001 5 0
-0.09901593912352169    26.85339634273758    40.31787575954353 1 2 0.001 5 0
  5.72188555179779 -23.56437951965148  12.94996830073374 1 2 0.001 5 0
 25.28046983533614  22.90994790188258 -56.70696162982165 1 2 0.001 5 0
-15.86352621313944 -17.78522519512816  16.20644434165913 1 2 0.001 5 0
  28.19623500886349 -0.3181252344002334   63.76993092183734 1 2 0.001 5 0
 -36.4047069292833  36.10581332222285 -36.40679085513723 1 2 0.001 5 0
-40.78586083465358  26.13773398060131 -30.92758763122208 1 2 0.001 5 0
-18.54221387307593 -30.78792631642865  1.834311607574839 1 2 0.001 5 0
 4.896439102541713  30.04314198077453 -74.89409022500145 1 2 0.001 5 0
-25.34954487257988 -25.89721328824482  17.57019423535909 1 2 0.001 5 0
  19.868038962739 10.47765106908273  10.1938307839594 1 2 0.001 5 0
-2.987830897080187 -35.03937949330768 -15.64165972485884 1 2 0.001 5 0
 7.481535582982648  25.57718982616452 -5.827833027422056 1 2 0.001 5 0
-32.15439252915432 -11.83561460710776 -54.18219336523803 1 2 0.001 5 0
39.76481056172828 37.01759111482727 32.45625953600977 1 2 0.001 5 0
 12.49123617809902  44.33263988202399 -4.447757405306467 1 2 0.001 5 0
 27.29432759674748 -10.34123089147445  95.10338096922956 1 2 0.001 5 0
-20.46560523719288  -13.4361182252858 -12.99260991724716 1 2 0.001 5 0
 25.96544086148713 -31.68228192070728 -47.01039679361777 1 2 0.001 5 0
 32.76363840615681  26.62051741303289 -34.31238533734791 1 2 0.001 5 0
 32.50675448302482 -31.64753493007318 -42.36401342818075 1 2 0.001 5 0
20.27260359949905 5.068398274945505 28.33129012558811 1 2 0.001 5 0
0.8053458266051678  12.03644011012701  4.172606994096083 -3 0.5 0.001 6 0
 9.842558726748356 -12.12983026513707 -7.959216805985108 -3 0.5 0.001 6 0
-21.04567998515259  -34.0057168668498  2.515873823445744 -3 0.5 0.001 6 0
  25.3025017582996 -35.15643351560414 -47.39785851814132 -3 0.5 0.001 6 0
 5.952976780305311 -27.46591908480145 -96.89143916029956 -3 0.5 0.001 6 0
 19.52698971782095 -4.958311427859686  -19.4481133500849 -3 0.5 0.001 6 0
4
0 66 0 67 -1.376339345240217e-15 -3.734369576183133e-15      21.98131017693348
67 133 1 67  -1.3722693789663e-14 3.290280366332722e-15    -21.98131017693345
134 167 2 1 -7.759256213228841 -5.918456990659461 -0.472792433931879
168 173 3 1 -9.964933539676178 0.7264013579373003  1.087323381412438
randomstate
977505447 3774741674 1289478510 739022053 112682553 3306055613 464638832 1933193584 2374106594 1399118090 830461823 186816411 3403240503 1344746251 3708764777 1199251640 2867049546 3338795721 3431372326 1020388556 194953614 672694525 45485990 1691722497 1960771063 632722676 874944955 3537053897 3440743661 3470621209 762821694 3948209461 4146421553 2105676071 2119319210 3667925533 1263758335 1046864932 3892946217 145266894 263462291 4033692285 2466916425 1595803413 203761441 2227470187 2738544505 1770028679 2024732528 2136106830 2726508341 3188788378 3246244518 2746241662 627312519 2152739481 613060236 358787731 1189484182 3893259104 2075626907 3510013181 2513946786 1007151818 11469653 3046718071 2672863642 428190081 2167060160 971007677 2040978322 3587981140 647339914 2496147890 1282525815 2324019084 1918622373 2572349969 102710525 1569589363 1263225214 4009080116 2786515068 1008009629 1794892481 1254741551 639571972 4228009628 1820449787 293943216 1491694641 398880275 1374238409 2050881952 1087422081 2770605291 3229793802 1557827146 4152972342 2032644584 1847795173 1476918663 1346764645 3187878040 269182332 1678291002 575205425 1017894124 844201823 3023230131 3575140781 2263007682 1156632253 1366226241 2374378756 565942836 2455529815 1753318282 3287564270 2044483793 174805898 1915104081 3012270655 1867356115 2171208399 2021152465 3494608831 881369208 43932573 3289463090 3237503031 1247889991 3231061080 2031569566 4087995056 3032603381 3479331090 873301473 3195283136 854902293 453477027 3446291796 2233590043 1138177939 2896021084 4112930797 1357266019 1971358224 2707600895 2375849564 442278773 3250821125 1738578211 3951414736 3151402782 2086786528 1825488980 3979761853 1762514865 2721942772 738805363 311946493 236560022 3972109818 1947519643 2129093321 2992131986 2644328791 3820683705 2709347152 3725993475 3430657837 482778501 1222458934 3597803495 2336339362 1676247104 2531253635 790972489 1545478762 2776117798 2070358876 1099334378 2691822789 3477755237 3913683330 843981760 2888618684 656768288 4174403186 2761380270 392694521 3297437081 416145196 2850685017 3738475334 2897160927 4091893255 964943662 2787984157 1921757908 1507650038 1941969306 1376511409 2085841415 3746905052 3012715518 839848843 2074613868 3430248982 429343884 4155543678 2734022212 531799579 202060785 3295044028 2542184285 1152794079 2393559579 3640514296 2262887557 2218433153 2585708523 878565465 2130526541 4075783991 4181767401 22623224 2219297517 3629285301 1291505570 25398040 4095343429 2539955322 900814375 246242495 19998605 1208647299 1192668431 243965950 1412280696 3031750161 2805681791 3598208104 2526709489 2174220864 1253413067 337184456 2896395931 365798641 4152128033 884428902 4108001893 957581768 212373817 3618590582 2737240364 217756290 1407703299 781900423 2999042061 2689767818 1962484971 1135593613 1516521709 4264425485 2758060284 527892640 1017705296 1154854328 3217418324 436582057 1811389101 222876544 2576670220 378716813 2961247051 3695635214 261400730 2489898462 1832406502 742784365 3497853208 871845478 3040935453 814496576 199157062 902226211 872415703 3117471875 3478443380 2047714428 1241935586 198836744 2192879315 3960994692 2814259926 761740308 1123309242 392937299 1284137296 3173906042 2140959986 658013999 3457043580 2649294978 2880274977 1056035677 579293793 3592429535 2567371073 634569111 1920172663 2457162512 2823833995 212110150 4182895063 1383974582 1858615911 3400433903 249120480 1781886716 2677830872 231037946 3374126049 1938981061 2093648303 4091020576 1831760035 2560561601 3894724602 1267924409 1913485011 3132290120 3265940761 1522385407 2828470220 2261528961 1003085172 2837659350 465464439 4262070728 708496998 2901613423 3915234648 133235776 3501728763 289101399 3786482746 370515183 1088415318 2259394209 1866666701 4027834421 3512716043 823230691 749014420 2764013623 2530979462 1932005476 712613641 1916698193 1888624527 3408640766 2561781437 1091595730 2451260729 3538002374 3093723562 1324806840 2205460246 2779984084 236971794 2220541327 1551953130 3384277490 2637988465 6680222 3902303173 3696998266 299529374 2064740485 4251704298 2344576862 2990458839 2784592995 184262855 3851115920 2525002518 133754843 2087987019 3271360035 1632283367 1798994457 2046193376 2882372891 2793256122 3853592582 4146238677 2099333499 77767141 1297543182 3770779849 762697080 3060879725 1416338602 3219475004 1962920960 2318191083 3102428443 3372280977 4203571537 3287459164 9055300 3120365880 1627156201 3815652320 3656277619 869106229 3707330433 2216345903 2420798543 1393675821 2569294537 3250702611 1340329963 1304426503 1609778732 699864822 3655349902 157154408 3703759410 1612258971 3001416837 2121935631 1994015824 3226839592 1942109932 340232409 3759847114 4120671970 741477958 2122601953 676735678 2168087509 389130671 2689292499 1303207268 3963890975 2949463370 4079018604 46571328 1938089369 2086453059 1989190525 3676999627 2933193562 3036870824 536647108 2430220122 2838739579 692264968 785632752 452356031 1337276158 3701570039 831436212 421809511 566738426 3942419728 143511998 2318213355 2070452472 1471494300 1427288951 2031416976 2660991462 2971482399 3434173416 3245816618 3859734889 1620118794 2162872092 196836108 2779568160 1192237361 1939979812 1758685197 3333465249 2849915750 117784871 3511607621 15552045 2709058690 3687339281 3389162807 591433386 2603657975 3387147953 2551205403 2350870007 160565179 1909752708 312425635 3075906026 3295385371 548530863 2496745202 3215186659 1484729357 689680774 2371883350 3621664224 3276006322 1309521842 2511576677 970975583 663608338 1509702610 2575845206 3833321757 3519707393 1891397746 4266031743 805520283 2939034699 2371438380 2018285825 1122170176 2986272110 828175053 3932627300 2222267802 2337864633 17153736 3067726622 4083367683 3526632697 219176197 3405825429 3723071388 2604473449 2235344842 2129654580 1036749207 807461635 2030388478 1334067314 183162767 3786143572 3858674553 2690766664 387536866 543895907 570695547 1269280024 2759595017 1885381583 3636077890 3668871178 142887553 3677224973 3430127028 389648232 73463216 549053566 156901532 3887940828 2394954165 3727694552 4116244150 2008083025 1535918739 4211586023 706030675 609609593 132078496 4074855526 4144584356 3178374511 2432153570 2593423279 45692448 4170739646 467015750 176167390 4068262799 2327671858 602284302 3836002075 4273044155 1170122344 1178754101 372237457 1842986337 4062337183 1998208747 848550759 2140840481 1179605451 3624459092 3768453497 2748250291 2559940437 3057078253 891206288 3496542322 3724132203 3351505874 2853347240 3690748996 1797813825 877921214 3718445939 2837392706 2713696537 1508925695 1476383062 2485407973 129788786 596924770 1183628597 3207674788 575980086 15