40.1 0.0003
40.4 0.0004
40.5 0.0001
40.6 0.0001
40.7 0.0006
40.8 0.0008
40.9 0.0015
41 0.0027
41.1 0.0046
41.2 0.0052
41.3 0.0078
41.4 0.01
41.5 0.0165
41.6 0.0195
41.7 0.0303
41.8 0.0404
41.9 0.0471
42 0.0602
42.1 0.0775
42.2 0.0923
42.3 0.1129
42.4 0.1324
42.5 0.1523
42.6 0.18
42.7 0.2102
42.8 0.2361
42.9 0.2546
43 0.2822
43.1 0.3075
43.2 0.3401
43.3 0.3623
43.4 0.3764
43.5 0.4081
43.6 0.4387
43.7 0.4572
43.8 0.4793
43.9 0.4908
44 0.495
44.1 0.5012
44.2 0.5229
44.3 0.536
44.4 0.5427
44.5 0.5687
44.6 0.5612
44.7 0.5804
44.8 0.5494
44.9 0.5828
45 0.5974
45.1 0.6045
45.2 0.6129
45.3 0.6217
45.4 0.6054
45.5 0.6401
45.6 0.6483
45.7 0.6389
45.8 0.6707
45.9 0.6628
46 0.6832
46.1 0.6951
46.2 0.7016
46.3 0.725
46.4 0.7287
46.5 0.7452
46.6 0.7402
46.7 0.746
46.8 0.7736
46.9 0.7757
47 0.7821
47.1 0.7975
47.2 0.8241
47.3 0.8103
47.4 0.8351
47.5 0.87
47.6 0.8747
47.7 0.8879
47.8 0.8659
47.9 0.8924
48 0.9218
48.1 0.8965
48.2 0.9163
48.3 0.9407
48.4 0.9431
48.5 0.9421
48.6 0.9438
48.7 0.9831
48.8 1.0071
48.9 1.0381
49 1.0204
49.1 1.0379
49.2 1.0565
49.3 1.068
49.4 1.1118
49.5 1.0728
49.6 1.0908
49.7 1.1222
49.8 1.1162
49.9 1.1363
50 1.1393
50.1 1.17
50.2 1.187
50.3 1.1828
50.4 1.1901
50.5 1.2377
50.6 1.2404
50.7 1.2312
50.8 1.2549
50.9 1.2592
51 1.2965
51.1 1.3135
51.2 1.2886
51.3 1.3314
51.4 1.3326
51.5 1.3316
51.6 1.3429
51.7 1.3668
51.8 1.3843
51.9 1.3809
52 1.4144
52.1 1.4202
52.2 1.427
52.3 1.4757
52.4 1.4761
52.5 1.4969
52.6 1.5044
52.7 1.5409
52.8 1.5155
52.9 1.577
53 1.5473
53.1 1.561
53.2 1.5706
53.3 1.5885
53.4 1.5888
53.5 1.6149
53.6 1.6219
53.7 1.6437
53.8 1.6607
53.9 1.6908
54 1.6964
54.1 1.7128
54.2 1.7064
54.3 1.7385
54.4 1.729
54.5 1.7671
54.6 1.7701
54.7 1.7943
54.8 1.8066
54.9 1.8135
55 1.8326
55.1 1.8265
55.2 1.8651
55.3 1.8592
55.4 1.8994
55.5 1.9133
55.6 1.9101
55.7 1.9291
55.8 1.9742
55.9 1.9711
56 1.9763
56.1 1.9996
56.2 2.003
56.3 2.0295
56.4 2.0462
56.5 2.0569
56.6 2.0535
56.7 2.0806
56.8 2.102
56.9 2.0862
57 2.1306
57.1 2.0983
57.2 2.1481
57.3 2.1839
57.4 2.1841
57.5 2.2019
57.6 2.1863
57.7 2.2053
57.8 2.2511
57.9 2.2544
58 2.3003
58.1 2.2628
58.2 2.2935
58.3 2.3029
58.4 2.3447
58.5 2.3463
58.6 2.3697
58.7 2.3836
58.8 2.4154
58.9 2.3853
59 2.4089
59.1 2.3992
59.2 2.4715
59.3 2.4617
59.4 2.494
59.5 2.4934
59.6 2.4734
59.7 2.5191
59.8 2.5428
59.9 2.5415
60 2.6059
60.1 2.617
60.2 2.5547
60.3 2.5815
60.4 2.6291
60.5 2.6144
60.6 2.6061
60.7 2.6988
60.8 2.674
60.9 2.7101
61 2.6963
61.1 2.6803
61.2 2.7649
61.3 2.7147
61.4 2.776
61.5 2.8138
61.6 2.798
61.7 2.8151
61.8 2.8121
61.9 2.8359
62 2.8663
62.1 2.8724
62.2 2.8594
62.3 2.881
62.4 2.9192
62.5 2.9096
62.6 2.9879
62.7 2.9247
62.8 2.921
62.9 2.9972
63 2.9876
63.1 3.0142
63.2 3.0179
63.3 3.0273
63.4 3.035
63.5 3.0507
63.6 3.0544
63.7 3.07
63.8 3.0872
63.9 3.1179
64 3.1532
64.1 3.1197
64.2 3.1536
64.3 3.1792
64.4 3.2078
64.5 3.2036
64.6 3.2134
64.7 3.2132
64.8 3.232
64.9 3.1979
65 3.261
65.1 3.3055
65.2 3.2706
65.3 3.3017
65.4 3.247
65.5 3.334
65.6 3.3488
65.7 3.3776
65.8 3.339
65.9 3.3768
66 3.357
66.1 3.3862
66.2 3.4157
66.3 3.4382
66.4 3.4276
66.5 3.4735
66.6 3.4543
66.7 3.5114
66.8 3.518
66.9 3.538
67 3.5335
67.1 3.5484
67.2 3.5837
67.3 3.5731
67.4 3.5729
67.5 3.6231
67.6 3.5916
67.7 3.6445
67.8 3.6302
67.9 3.6196
68 3.6553
68.1 3.6323
68.2 3.6532
68.3 3.6411
68.4 3.6819
68.5 3.7031
68.6 3.676
68.7 3.7311
68.8 3.738
68.9 3.7331
69 3.7317
69.1 3.7459
69.2 3.7816
69.3 3.7542
69.4 3.7872
69.5 3.8456
69.6 3.8285
69.7 3.8564
69.8 3.884
69.9 3.8446
70 3.8672
70.1 3.8709
70.2 3.8853
70.3 3.9273
70.4 3.9279
70.5 3.9268
70.6 3.9272
70.7 3.962
70.8 3.9535
70.9 3.9784
71 3.9809
71.1 4.0072
71.2 4.053
71.3 3.9926
71.4 4.0265
71.5 4.0436
71.6 4.0294
71.7 4.0375
71.8 4.0702
71.9 4.0449
72 4.1055
72.1 4.1125
72.2 4.1642
72.3 4.1157
72.4 4.1861
72.5 4.1544
72.6 4.1321
72.7 4.1422
72.8 4.1727
72.9 4.1934
73 4.1877
73.1 4.2132
73.2 4.2127
73.3 4.2168
73.4 4.2159
73.5 4.2603
73.6 4.3156
73.7 4.2934
73.8 4.3038
73.9 4.3086
74 4.2901
74.1 4.292
74.2 4.3254
74.3 4.3481
74.4 4.3589
74.5 4.3159
74.6 4.3677
74.7 4.3446
74.8 4.3345
74.9 4.3769
75 4.3897
75.1 4.4013
75.2 4.431
75.3 4.4131
75.4 4.4268
75.5 4.3833
75.6 4.4765
75.7 4.5009
75.8 4.4287
75.9 4.4603
76 4.4951
76.1 4.5145
76.2 4.5284
76.3 4.4687
76.4 4.5576
76.5 4.5553
76.6 4.5495
76.7 4.5389
76.8 4.5822
76.9 4.5892
77 4.6305
77.1 4.6024
77.2 4.5534
77.3 4.5831
77.4 4.5975
77.5 4.6154
77.6 4.5931
77.7 4.6208
77.8 4.7045
77.9 4.6273
78 4.6793
78.1 4.6634
78.2 4.7025
78.3 4.691
78.4 4.7094
78.5 4.6732
78.6 4.7069
78.7 4.7308
78.8 4.741
78.9 4.693
79 4.7252
79.1 4.7374
79.2 4.7455
79.3 4.7835
79.4 4.7531
79.5 4.7489
79.6 4.7937
79.7 4.7996
79.8 4.7927
79.9 4.7971
80 4.8523
80.1 4.8237
80.2 4.8228
80.3 4.8315
80.4 4.8765
80.5 4.8277
80.6 4.8442
80.7 4.8579
80.8 4.8607
80.9 4.8415
81 4.8964
81.1 4.913
81.2 4.9169
81.3 4.8394
81.4 4.8544
81.5 4.9219
81.6 4.9282
81.7 4.907
81.8 4.9361
81.9 4.9669
82 4.9791
82.1 4.9591
82.2 4.9795
82.3 4.9596
82.4 4.986
82.5 4.963
82.6 4.9759
82.7 4.997
82.8 4.9982
82.9 5.0029
83 4.9885
83.1 4.9489
83.2 5.0015
83.3 4.9964
83.4 5.0269
83.5 5.0517
83.6 5.0722
83.7 5.058
83.8 5.0776
83.9 5.0257
84 5.057
84.1 5.053
84.2 5.0599
84.3 5.0529
84.4 5.055
84.5 5.1119
84.6 5.1322
84.7 5.0874
84.8 5.1327
84.9 5.115
85 5.1284
85.1 5.0706
85.2 5.068
85.3 5.1259
85.4 5.1246
85.5 5.1909
85.6 5.154
85.7 5.1163
85.8 5.163
85.9 5.1559
86 5.1616
86.1 5.1818
86.2 5.1573
86.3 5.1826
86.4 5.2045
86.5 5.1716
86.6 5.2061
86.7 5.1845
86.8 5.2784
86.9 5.24
87 5.2089
87.1 5.2267
87.2 5.2315
87.3 5.2587
87.4 5.2261
87.5 5.2572
87.6 5.2028
87.7 5.2374
87.8 5.2352
87.9 5.2358
88 5.2356
88.1 5.2901
88.2 5.2964
88.3 5.2317
88.4 5.3153
88.5 5.2933
88.6 5.288
88.7 5.2499
88.8 5.2907
88.9 5.3271
89 5.3232
89.1 5.3242
89.2 5.2882
89.3 5.3128
89.4 5.3242
89.5 5.3519
89.6 5.3079
89.7 5.2948
89.8 5.3336
89.9 5.34
90 5.3078
90.1 5.381
90.2 5.2752
90.3 5.331
90.4 5.3468
90.5 5.3638
90.6 5.311
90.7 5.3172
90.8 5.3092
90.9 5.4073
91 5.358
91.1 5.3795
91.2 5.3353
91.3 5.3645
91.4 5.3693
91.5 5.3493
91.6 5.3436
91.7 5.3951
91.8 5.3872
91.9 5.4081
92 5.4113
92.1 5.3462
92.2 5.3937
92.3 5.3715
92.4 5.3649
92.5 5.4355
92.6 5.4115
92.7 5.3724
92.8 5.4081
92.9 5.3825
93 5.4095
93.1 5.4298
93.2 5.3972
93.3 5.4434
93.4 5.3949
93.5 5.4668
93.6 5.4188
93.7 5.4538
93.8 5.425
93.9 5.4569
94 5.467
94.1 5.3892
94.2 5.4335
94.3 5.4284
94.4 5.422
94.5 5.4512
94.6 5.4422
94.7 5.3976
94.8 5.4087
94.9 5.4496
95 5.4188
95.1 5.4662
95.2 5.4454
95.3 5.4422
95.4 5.3915
95.5 5.4305
95.6 5.4661
95.7 5.5074
95.8 5.4691
95.9 5.4633
96 5.4855
96.1 5.4882
96.2 5.4894
96.3 5.5508
96.4 5.4648
96.5 5.4928
96.6 5.51
96.7 5.4956
96.8 5.4612
96.9 5.4942
97 5.479
97.1 5.5036
97.2 5.482
97.3 5.4955
97.4 5.4539
97.5 5.5163
97.6 5.5119
97.7 5.4948
97.8 5.5133
97.9 5.4695
98 5.5096
98.1 5.5148
98.2 5.4669
98.3 5.5231
98.4 5.5079
98.5 5.5753
98.6 5.4701
98.7 5.4557
98.8 5.5298
98.9 5.5365
99 2.7625
