1900663.555421825
172
 -17.87623360836171 -0.4204840040344203   25.40795262476375 -1 2 0.001 4 0
8.168518975021021 7.432287589444941 17.68183754076725 -1 2 0.001 4 0
4.447178855404037 16.92337103267313   24.670415129082 -1 2 0.001 4 0
15.04299333783074 11.11426388560597 27.27190634916861 -1 2 0.001 4 0
-17.14367050019054  9.400157942454298  30.14674873680617 -1 2 0.001 4 0
-15.04299325397452 -11.11426390349085  41.43968539624746 -1 2 0.001 4 0
-19.89237376728772 -1.059500168705699  36.13214341945607 -1 2 0.001 4 0
11.12207780940046 5.957599634621837 49.87323379208105 1 2 0.001 7 0
 2.586294385523551 -13.03119745330442  19.40263229857119 -1 2 0.001 4 0
 14.19296000564193 -13.12213817130593  29.22605116211914 -1 2 0.001 4 0
  11.5879658683624 -12.71775988633718  24.15931455483599 1 2 0.001 7 0
12.20102759936841 9.750073071621523 21.86333410463467 1 2 0.001 7 0
-12.82444606229696 -14.89226378848634  38.07764860770692 1 2 0.001 7 0
-7.313003217062797 -17.90824259668236  39.43120068738045 -1 2 0.001 4 0
-1.243220016378874 -14.65191361524094  47.91512853844601 1 2 0.001 7 0
 1.782919188686473 -17.45438258213941  43.95895618611016 -1 2 0.001 4 0
0.1348940023530685   16.4927012023319  45.66787834832645 -1 2 0.001 4 0
-4.01666209606808 7.590563117676423 52.41665631650574 1 2 0.001 7 0
-7.777712949802568  10.64660395092981  49.39400069578926 -1 2 0.001 4 0
-12.53974153034578 -4.577719754709582  49.24687597157101 1 2 0.001 7 0
-19.47348049223093  4.384018560988854  33.08327492382957 1 2 0.001 7 0
-1.672238206925956 -1.854328430928368  14.51287430699428 -1 2 0.001 4 0
0.7639508712371895  2.681345469835948  14.54933911099086 1 2 0.001 7 0
-2.063968487353257  8.885456864620577  16.55582993400186 -1 2 0.001 4 0
10.83687063329571 2.988411681600775 17.81587217658065 1 2 0.001 7 0
 11.03818692185369 -6.129316327503322  18.84518585279152 -1 2 0.001 4 0
 3.709685002973882 -19.61406564010373  33.11478619268349 -1 2 0.001 4 0
-7.342275155732293  -16.8848630211001  26.54756570038154 -1 2 0.001 4 0
-1.479165554365706 -17.93603018889239  25.63219133541417 1 2 0.001 7 0
  -10.255243760806 -8.861075180804274  19.65285178025645 -1 2 0.001 4 0
-3.713579014204327 -9.018290672190883  16.89432830704085 1 2 0.001 7 0
 -14.9342899426927 -12.69563726720403  30.38072161138984 -1 2 0.001 4 0
 -16.1939548106198 -7.265494794317889  25.12975692431957 1 2 0.001 7 0
 -11.7093717607293 -2.900698311506406  18.40650028245466 1 2 0.001 7 0
-12.0099583029906 3.339173671361094 18.72126557320914 -1 2 0.001 4 0
 17.86008178037283 -1.326306095442051  25.45226261107729 -1 2 0.001 4 0
 19.03128818631713 -4.571905197976001  38.46008619230088 -1 2 0.001 4 0
 18.40492393732564 -6.927214464645449  30.69599815015533 1 2 0.001 7 0
10.20983863282095 16.61123839245197 29.89611602994379 1 2 0.001 7 0
-11.14465499345807  9.247081501978849  20.56754487147414 1 2 0.001 7 0
-10.62202474635345  15.07088177614433  26.60787854368797 -1 2 0.001 4 0
-18.91471411725298 -6.334392712214934   35.8047413368988 1 2 0.001 7 0
 1.421395036340291 -19.47521062160221  38.69370446351647 1 2 0.001 7 0
15.45027406355814 9.729954254424074 42.50946169427716 1 2 0.001 7 0
9.037052366486733 17.65009140467829   36.969039798265 -1 2 0.001 4 0
10.61900417862321 12.93036687349234 45.31774799860771 -1 2 0.001 4 0
4.591481692138238 17.67703538462387 42.50624538606235 1 2 0.001 7 0
-10.24033779595973  16.62377245604362  38.69178396984885 -1 2 0.001 4 0
-10.39983564947752  14.76708624615277  42.95004551571885 1 2 0.001 7 0
-14.70775927617443  8.124001964308006  45.20344626807137 1 2 0.001 7 0
-14.55036187363446 0.2229250623088516  48.07657892537499 -1 2 0.001 4 0
-3.286716910819723 -7.127473632734127  52.75546962893718 1 2 0.001 7 0
-6.364524722368496 0.3823707165444809  53.31545431197875 -1 2 0.001 4 0
3.957502276395362 6.446984034577223 52.87474102697163 -1 2 0.001 4 0
 4.661475758228437 -7.851014841347221  52.15172236806264 -1 2 0.001 4 0
 13.83968792092111 -1.671580151406216   48.6999028522124 -1 2 0.001 4 0
17.78427791422815 8.428813476952721 37.91440165308711 -1 2 0.001 4 0
19.66903946351411 3.621827670871898 34.37486968365434 1 2 0.001 7 0
-7.36863954792846 18.20502691711053 30.55691075500448 1 2 0.001 7 0
-2.839361173328229  19.74145931001578  32.84524109121798 -1 2 0.001 4 0
-1.976690816582875  14.67343240201272  20.90967888260491 1 2 0.001 7 0
-17.6610334471069 6.540192968905321 41.07732959288775 -1 2 0.001 4 0
-7.487955335758104 -10.24315320015933  49.81533817779099 -1 2 0.001 4 0
 13.61170447353045 -7.424343352591629   46.9822897004677 1 2 0.001 7 0
 12.52623541845629 -15.40712191656748    36.782888502883 1 2 0.001 7 0
 11.86846627437408 -12.87069804409124  44.02404426509949 -1 2 0.001 4 0
 4.191971866641769e-08 -8.943788855581583e-09      34.35579587270804 0 20 1000000 3 0
-4.138370398716761 -6.770729489266023 -52.70876691807045 -1 2 0.001 4 0
 15.04991876164909 -13.09305006318718  -32.9217551482767 -1 2 0.001 4 0
 19.52483570941207 -2.647902963528968  -37.7841901655307 -1 2 0.001 4 0
  17.6399128392709 -3.479663308691475 -25.59649114309299 -1 2 0.001 4 0
3.050768837750558 1.346308185430326 -54.0754497511621 -1 2 0.001 4 0
-17.63991282357599  3.479663295631738 -43.11510051751794 -1 2 0.001 4 0
-9.016530903906029  2.982189823602013 -51.95673901795249 -1 2 0.001 4 0
 4.190205314583713  15.55524346942229 -22.50416864869871 1 2 0.001 7 0
-5.315681614647153 -19.02460503778595 -31.20840668475118 -1 2 0.001 4 0
-4.277440476652189 -11.09419306690925 -18.27576826437307 -1 2 0.001 4 0
-3.227300703930393 -15.34551481477079 -21.94248422753657 1 2 0.001 7 0
 17.18568183543651 -8.714816360706633  -28.9990322930105 1 2 0.001 7 0
-18.94999410443112 -1.275140875931158 -40.63033685314168 1 2 0.001 7 0
-19.92568950917624 -1.705228191326628 -34.29257092039153 -1 2 0.001 4 0
-17.63970571390117  6.799999967348691 -27.82276795755912 1 2 0.001 7 0
 -17.6042663389087  1.810704444074153 -25.03559650384599 -1 2 0.001 4 0
 10.54503500033366  16.80124321822716 -36.90747423287897 -1 2 0.001 4 0
-0.9595359311761424   19.87041265291316   -36.4029633381548 1 2 0.001 7 0
 1.266449670978122  18.63154437532691 -41.51486411870258 -1 2 0.001 4 0
-13.64052902725625   12.9653068253328 -41.12201262245378 1 2 0.001 7 0
-3.140257790122543  2.281370263226505 -53.97694521443082 1 2 0.001 7 0
 4.361711102059038 -18.75302208839912 -39.76653423165736 -1 2 0.001 4 0
 9.189436815488699  -17.1621742985951 -38.94741739865871 1 2 0.001 7 0
12.81685060035787 -12.6458842969536 -43.0655632647962 -1 2 0.001 4 0
 12.17208177917898 -14.94586638309724 -29.02672948380628 1 2 0.001 7 0
 4.025741186472085 -17.58734300747199 -25.72631812590066 -1 2 0.001 4 0
-15.13880922132887 -9.138890726235095  -25.0117833273458 -1 2 0.001 4 0
-14.76978993047017 -13.10394620745141 -37.53635577807915 -1 2 0.001 4 0
-13.16039666862718 -14.87514431614596 -32.00538593285013 1 2 0.001 7 0
-6.643062113543759 -16.02196646546008  -44.3072560287035 -1 2 0.001 4 0
-3.392205527592484 -19.19220487556894 -38.84748808484107 1 2 0.001 7 0
-15.28965249900045 -7.278759070853984 -44.99814664311973 -1 2 0.001 4 0
-9.326712660790365 -9.852656969668383 -49.05576060858348 1 2 0.001 7 0
-1.626392955322906 -14.70287181943273  -47.8125367010353 1 2 0.001 7 0
 3.548447523333822 -11.94705201558465 -49.99242547105704 -1 2 0.001 4 0
 8.556298702042568 -10.26325176974672 -19.47393008767796 -1 2 0.001 4 0
 1.869652874827959 0.2784179109282302 -14.44689515394291 -1 2 0.001 4 0
 2.178291518645088 -7.699187211953401 -16.02278719695157 1 2 0.001 7 0
 19.69376150412179  1.504236213782796 -31.20051119943388 1 2 0.001 7 0
 8.367493480427397 -8.021896944899648 -50.64879863813695 1 2 0.001 7 0
 11.59038317020942 -0.257337043755009 -50.65260248433077 -1 2 0.001 4 0
-13.09753560701359 0.5320236652348894 -49.46082470250587 1 2 0.001 7 0
-17.73715772008429 -3.770649779578092 -25.91203605731307 1 2 0.001 7 0
11.53235436976036 9.900480662667929 -21.3615459854359 1 2 0.001 7 0
 17.79781467379019  8.493823084789279 -31.02175206178357 -1 2 0.001 4 0
11.54087143937649 14.15451993971902 -26.1961461642587 -1 2 0.001 4 0
 14.30212649705104  13.97197317142133 -33.88435684058571 1 2 0.001 7 0
 9.059966534966977  11.38518666461454 -48.07839229638907 -1 2 0.001 4 0
 5.979633815671721   14.5737610691857 -46.68194743702679 1 2 0.001 7 0
-2.137287759539484  14.42263868806653 -48.04552210239447 1 2 0.001 7 0
-9.861569527871692  13.94993531657462 -44.75634224932081 -1 2 0.001 4 0
-13.51696914820938  14.35881988901904 -30.99912799414292 1 2 0.001 7 0
-8.374577799357651  18.08305737210238  -36.0853950246027 -1 2 0.001 4 0
0.9104860389807594  19.13339702923384 -28.58857033794555 -1 2 0.001 4 0
-10.94077640362224  12.81575855229403 -23.57996483420347 -1 2 0.001 4 0
-0.987443405523927  11.25453228310523 -17.84988766843188 -1 2 0.001 4 0
  12.8163990125798  4.974770741285764 -19.83062168751312 -1 2 0.001 4 0
  10.54997048731475 -0.3154233815384593   -17.3679253840972 1 2 0.001 7 0
 14.21481558182505  4.296582105863694 -47.75839943071103 1 2 0.001 7 0
 16.49211328679463   6.59082659696611 -43.55580497037703 -1 2 0.001 4 0
 16.40499137275062 -6.401459848765515 -43.83801908155215 1 2 0.001 7 0
-3.249636854065752  10.28623244450373 -51.19321029538493 -1 2 0.001 4 0
-16.81865983618402  10.82060613282238 -34.54625618982587 -1 2 0.001 4 0
-5.474549524359342  7.451232498287342 -16.62626792966621 1 2 0.001 7 0
-9.393428122524899 -4.917529585897071 -17.39235963310831 1 2 0.001 7 0
-9.856539172349349  2.766130173711196 -17.17477301977585 -1 2 0.001 4 0
 7.860022505583588e-09 -6.523575845568937e-09     -34.35579583029477 0 20 1000000 3 0
25.34167279059654 43.58712632659929 57.04448192656234 -1 2 0.001 1 0
 34.03270597511545  37.72679738997532 -57.53614538633843 -1 2 0.001 1 0
-2.548056804838501 -22.12627386887255 -13.81298342700263 -1 2 0.001 1 0
-27.83203439498013  33.78687435345229 -41.65742925813403 -1 2 0.001 1 0
-15.45167876847763  40.86166859694368  51.60788169389991 -1 2 0.001 1 0
-21.78986803451019 -33.78241227469148 -78.53087000620147 -1 2 0.001 1 0
-31.91086536821481 -38.55773428730282  65.06876051172351 -1 2 0.001 1 0
-36.85340676421607 -27.22421260174322  13.95833817087392 -1 2 0.001 1 0
-14.83904715039126  8.367827945047093 -61.67910239056361 -1 2 0.001 1 0
-3.476065977172306  50.26884997856733 -51.73221435644156 -1 2 0.001 1 0
  7.83453480838123 -13.93203110645614 -76.09930727765908 -1 2 0.001 1 0
 2.512538930713561 -54.71722206390464 -55.69789693227131 1 2 0.001 5 0
 16.36967213664426 -34.45144529590186  11.57826579019872 1 2 0.001 5 0
-21.84239293241784 -21.96573162271361 -16.98644764490685 1 2 0.001 5 0
-2.947020154735714  28.50014991131598  20.48952840407563 1 2 0.001 5 0
-0.01556895934478675    42.24739676065444    3.156400482304122 1 2 0.001 5 0
-12.00470147552312  15.41540243733024   51.5025478822323 1 2 0.001 5 0
-30.63921252276464  21.98715137882242  57.94592811745827 1 2 0.001 5 0
-13.08866063551428  40.92374462497794  13.63866767860185 1 2 0.001 5 0
 12.13927692652468  29.17117825170616 -38.64761828899226 1 2 0.001 5 0
 8.623834930944401  12.59785996334739 -97.82425662651896 1 2 0.001 5 0
 3.170439884806155 -1.938575816128203  81.57923558484509 1 2 0.001 5 0
-14.65414487053594  17.63703087423453 -60.29182053940592 1 2 0.001 5 0
 4.986345445494877 -53.69054592019064 -31.68515376693288 1 2 0.001 5 0
 23.29482460350554 -5.072156569476611  18.56460736615721 1 2 0.001 5 0
 23.47884601344013 -47.97298220653774 -86.02531569032008 1 2 0.001 5 0
-49.6441965470564 9.293633413597139   66.134632316695 1 2 0.001 5 0
 35.30543155603878  25.90930766235643 -58.90427730521208 1 2 0.001 5 0
 34.13689981173438  38.57956123921925 -43.57301867681501 1 2 0.001 5 0
-27.38368406770305   37.0606574059145  13.51538163149382 1 2 0.001 5 0
-1.503773392269921 -38.64096386935655 -55.68189280973438 1 2 0.001 5 0
-15.14640307855815 -6.223687774924166  5.526449306617755 1 2 0.001 5 0
 9.620097653707907  44.29277869318054 -56.71505973714548 1 2 0.001 5 0
50.2948524275187 3.75945184965215 -11.066060437218 1 2 0.001 5 0
38.51700252946812  17.0120333202599 82.87004153987846 1 2 0.001 5 0
 -17.8785560816598 -16.28177412217955  -23.2532952373806 1 2 0.001 5 0
 23.33194653758816 -5.898477860976611 -43.31394324081771 1 2 0.001 5 0
33.03829777971171 34.84383664994694 45.31607816766439 1 2 0.001 5 0
4
0 66 0 67 -1.26120591810615e-14 1.485107247918148e-13     34.35579587193386
67 133 1 67 7.656090539947951e-14  1.84668181118345e-14      -34.355795871934
134 144 2 1 -8.580570622070447 -6.355980381702193 0.7693464734137621
145 171 3 1 -2.473162931118836 0.4410457360134572 0.2063829300502533
randomstate
1591919744 1755493592 3118720575 2872089596 2460903895 3375660508 4274650823 1875284799 393079703 3646480015 1267073360 3156295656 1052262490 1173611220 792366042 286799679 2295963239 1563628079 2668723027 635889511 739911088 4163308367 3643846705 1139405922 794652612 2499747899 1724583968 1757474540 3869363675 498449950 204739180 3407185413 551597296 1615312338 1126364423 2472001784 3831085573 194964356 4261679522 1080961882 1068199735 720050298 1317083779 1600118366 4142418925 686392383 2113814341 2472282351 1661097985 952466541 4035190798 4154019269 2549061120 2513082031 630387221 2876440359 3116913901 2715871564 694510043 980730039 280777342 1210016320 2801263931 393153907 3205246045 1320224173 434466114 2325082143 3186421693 3706952795 326196672 560176986 1940110383 3850167076 3561742316 1249862551 2166273734 484105164 2645346279 3587907844 1490156091 2995133264 531009647 1868122967 872572529 3895082891 1127254420 1291935027 2177407752 2541975643 2723747854 2885090808 3473573067 1058711253 1793592577 1418889577 2198129650 4103747260 885131278 2336449654 1332570101 2702337652 140740491 3679853552 914534630 2539827051 4101090622 2534931271 169085862 2770805487 471604726 3708717688 1833690999 367439446 1584461757 492603761 1463983389 3851426873 2526912553 481489779 3889520736 3220595437 2617769884 1058537023 3093032419 1491548579 633249644 2868021362 2995587448 3132574785 823220192 2926640882 3959319422 3710236002 3279966063 3132244712 3495763908 76714779 3076958656 1634230123 1622322073 2520968320 3464640772 1516070447 2102017701 96064842 3565291165 2425129695 1149780246 1342391867 1380153265 60286370 1699112346 3311505523 2708671977 3573399889 1886391669 1641605195 334710635 920874898 2325081502 2160773404 1967232141 3661675740 2915512551 1047607186 3943015593 3347990820 1797352938 770145560 1725811613 4176983065 582307451 1956941118 3924903432 1789263652 3437924142 1803471866 511425014 1616806058 3516289683 1274799711 4249645231 3261046169 3838350969 1322183334 1952059371 1499170074 1781606742 807126358 135796117 3291259343 3547253955 997116713 1697957041 1351093178 534160474 726167685 3038768133 155696078 2985914322 169187372 3876799961 3385650398 3503498477 1062244728 3553087041 1274585514 2366285681 393701559 3010623811 464242431 700955833 2470975801 2997552017 874337962 1704883273 2768896850 2106154962 2357329025 1011267465 1934736531 2811908341 2248915674 757124920 1604641544 1846610083 1720048162 3836726708 4167691511 3162075852 3260705601 3606940252 3141198874 1382857868 3141915068 1604728752 3520742038 1653795310 1043254852 751112361 1648985360 585768430 1142474125 1844540920 3721137390 531527581 2447368041 3911152882 3975464491 3468988 2868415327 3808083386 3973928123 4042369386 964624348 989688076 3687625867 3233267779 1521058200 1826116467 2860484954 2317865863 3218274888 1195476395 1009484031 3407288196 1029551488 4124997083 3051000487 700802413 387170723 160927914 2537727569 2290488468 4081730850 2265408621 969612164 3807197700 3632379586 3896870160 1185262368 783440645 2120610024 3854958104 1022421577 283807636 1966695459 2176074090 3436351347 1866318500 781719918 3113588889 738829120 246549514 3672801934 500895169 3740917553 2017697185 3182772572 3567949639 56684664 2762077773 4090968880 3692066723 2054021937 946333110 3697777505 3342455517 2369558637 2670725380 726155338 1885806040 426190455 1296017340 3846265212 2461834189 1672897132 3968561146 3051936757 1759739261 3678578238 4041037889 3204303172 2440860484 3422422744 907109340 1663764863 3823826393 1470941170 2096880061 2425032997 2202366202 1177123623 1403570216 4058235284 3838680328 3004883838 520667626 3289992338 2351392169 1387650232 1945448777 3007947435 2295548235 3682277077 878847661 3514073641 3734962106 372212568 3160929609 2415030197 1584440971 1474452103 1889886633 4125068144 2883288051 1498603605 1278457012 3068538265 2739082053 3154474231 3571322136 2219988548 3915866168 3405333558 455455931 1930718998 2074508514 191575790 657923044 1926708491 1995824363 4137783957 2015819626 1665429530 412018076 3754979589 3838941446 1861428012 2346816302 2819405386 2742625427 3080317052 1132793039 3885266467 2985843002 1853114699 2633194286 2978036712 2273705784 1856092354 3357979428 493401933 3895040599 1531812725 138492777 2264084150 3256070906 3373257193 2427080211 2147779513 3671242983 2577400175 4029939617 2665462357 3075908409 1907959787 3179224544 2331294689 1319203096 3709322625 682323113 1586280858 1525298512 1694979516 3476476227 3078053440 1830088798 3114991207 2800430813 3641647495 2615762969 3798777453 3975602608 397244168 4172574775 1103809722 1047608143 4281953167 1292541466 2902743300 1521438269 2983590147 957746637 2403604231 1630670230 2767446221 3518374688 2688791325 2110875998 2823297246 2271319738 930059690 2193505952 205086095 1642676288 2214664352 319302561 3953080108 569160000 2246528408 4017117845 3665181399 3785782196 3636040919 1321457445 2483183095 4171246029 2024203184 1265371679 3121424783 720015622 1153918502 2497721959 3944308880 436330789 2656668526 3650561982 3339707355 2080926884 2469885550 1467847194 1120092281 1238014914 1626853978 2120364218 941764940 1818900302 221212773 917204070 2857351579 2185326303 2277043420 1904074580 3554326390 350751903 377538187 2587825026 2767181990 282566793 901530703 1726101464 951071631 469814231 620832136 3941841167 2195506055 1139498321 2677276708 2517951582 2421580509 3468150752 3414902819 3310130005 731405661 3985051699 1975716940 4274221140 225613258 2168160934 4139264772 847806665 1287775434 2712483580 1434864233 2354064167 2763078152 2745172964 1300470137 2912649685 1481370812 3672154504 3686813495 2932785713 886431689 495726305 2712627789 1014198137 872147132 1290015216 2610902870 3720325080 1540036526 1928020264 1392216753 220262406 920792198 2039658414 1376380719 47095094 1119074023 205726728 2814651385 1073358583 2462405580 363714414 1758596305 3188150382 772421855 4014523743 1129745369 4286174184 1650804331 370432320 174106938 3668515979 104942256 2162367917 798053839 3524315282 3880853654 1063968330 1318107383 3634772590 3739853994 2771628180 547998569 2592386179 2593151910 677565346 3012560716 809712652 1042956875 1771809878 1197365723 1343536925 329074087 2659849839 2069104811 3063747080 1486089543 3530596556 3838080319 3990027006 1868332373 2892659849 1708582944 485811443 4173343203 1783506858 1260958507 2279500343 3689645264 1465797055 206058114 3689526319 2567307003 3703881015 800513204 2154630655 732104957 2175916071 2950680925 1580493010 3770609172 4263494375 419780981 3553608965 2961729096 2392720822 4103540091 1386331417 4128834699 1123421845 2390605148 2880308479 9073245 4187637825 3000314185 3015397611 3058362513 2802478707 1731221801 83