39.7 0.0002
39.8 0.0006
39.9 0.0018
40 0.0057
40.1 0.0083
40.2 0.0165
40.3 0.0321
40.4 0.0635
40.5 0.096
40.6 0.1842
40.7 0.2891
40.8 0.4356
40.9 0.6724
41 0.919
41.1 1.2856
41.2 1.8617
41.3 2.5305
41.4 3.3399
41.5 4.2233
41.6 5.4136
41.7 6.533
41.8 7.8247
41.9 9.2861
42 10.786
42.1 12.1965
42.2 13.7297
42.3 14.9035
42.4 16.3427
42.5 17.2606
42.6 18.4461
42.7 19.1053
42.8 20.0959
42.9 20.5623
43 20.4968
43.1 21.1159
43.2 21.1861
43.3 20.7097
43.4 20.5398
43.5 20.1511
43.6 19.4547
43.7 18.9329
43.8 18.2191
43.9 17.6628
44 16.8461
44.1 16.0587
44.2 15.2444
44.3 14.3529
44.4 13.7277
44.5 13.1628
44.6 12.2835
44.7 11.8566
44.8 11.1817
44.9 10.6147
45 10.2852
45.1 9.8131
45.2 9.4271
45.3 9.021
45.4 8.6167
45.5 8.127
45.6 8.0067
45.7 7.5435
45.8 7.3596
45.9 7.0458
46 6.7768
46.1 6.5953
46.2 6.2737
46.3 6.1111
46.4 5.926
46.5 5.7577
46.6 5.5995
46.7 5.4753
46.8 5.3349
46.9 5.1894
47 5.0442
47.1 4.8458
47.2 4.7398
47.3 4.6055
47.4 4.5331
47.5 4.3819
47.6 4.3569
47.7 4.2232
47.8 4.0848
47.9 4.07
48 3.9848
48.1 3.8859
48.2 3.8504
48.3 3.8332
48.4 3.6794
48.5 3.6051
48.6 3.4698
48.7 3.5288
48.8 3.5265
48.9 3.3349
49 3.3551
49.1 3.2384
49.2 3.2439
49.3 3.233
49.4 3.2165
49.5 3.1226
49.6 3.0973
49.7 3.1001
49.8 3.0151
49.9 2.9036
50 2.9197
50.1 2.9538
50.2 2.9297
50.3 2.9232
50.4 2.8452
50.5 2.8292
50.6 2.808
50.7 2.7346
50.8 2.7619
50.9 2.7515
51 2.6907
51.1 2.716
51.2 2.6322
51.3 2.6391
51.4 2.6436
51.5 2.5994
51.6 2.6124
51.7 2.5776
51.8 2.5841
51.9 2.519
52 2.5261
52.1 2.5017
52.2 2.507
52.3 2.5022
52.4 2.5283
52.5 2.4961
52.6 2.5022
52.7 2.471
52.8 2.4737
52.9 2.4544
53 2.4145
53.1 2.4424
53.2 2.4544
53.3 2.4272
53.4 2.389
53.5 2.3814
53.6 2.399
53.7 2.4451
53.8 2.4379
53.9 2.4012
54 2.4044
54.1 2.3729
54.2 2.3705
54.3 2.3746
54.4 2.3632
54.5 2.354
54.6 2.3499
54.7 2.4024
54.8 2.3996
54.9 2.3738
55 2.3105
55.1 2.321
55.2 2.3474
55.3 2.326
55.4 2.3131
55.5 2.3528
55.6 2.3489
55.7 2.337
55.8 2.3917
55.9 2.3683
56 2.3202
56.1 2.33
56.2 2.3488
56.3 2.3376
56.4 2.2807
56.5 2.3814
56.6 2.3662
56.7 2.322
56.8 2.3511
56.9 2.3125
57 2.3188
57.1 2.3341
57.2 2.3272
57.3 2.3395
57.4 2.3061
57.5 2.3429
57.6 2.3377
57.7 2.2923
57.8 2.3159
57.9 2.3088
58 2.2641
58.1 2.3186
58.2 2.269
58.3 2.295
58.4 2.3263
58.5 2.3119
58.6 2.3305
58.7 2.3291
58.8 2.3258
58.9 2.3195
59 2.3096
59.1 2.3624
59.2 2.3364
59.3 2.2897
59.4 2.3234
59.5 2.3253
59.6 2.3276
59.7 2.3151
59.8 2.3094
59.9 2.3658
60 2.3389
60.1 2.3077
60.2 2.3189
60.3 2.3245
60.4 2.3208
60.5 2.3615
60.6 2.3387
60.7 2.3424
60.8 2.3274
60.9 2.3374
61 2.3047
61.1 2.3058
61.2 2.3508
61.3 2.3573
61.4 2.2894
61.5 2.3281
61.6 2.3247
61.7 2.3668
61.8 2.304
61.9 2.3583
62 2.3703
62.1 2.3692
62.2 2.3321
62.3 2.3035
62.4 2.3428
62.5 2.3328
62.6 2.3483
62.7 2.3052
62.8 2.3599
62.9 2.3837
63 2.3578
63.1 2.3589
63.2 2.3726
63.3 2.2878
63.4 2.389
63.5 2.3699
63.6 2.328
63.7 2.3675
63.8 2.3844
63.9 2.405
64 2.3772
64.1 2.3554
64.2 2.398
64.3 2.3827
64.4 2.4
64.5 2.3827
64.6 2.3611
64.7 2.4087
64.8 2.3093
64.9 2.41
65 2.3387
65.1 2.3592
65.2 2.3349
65.3 2.3112
65.4 2.3671
65.5 2.3769
65.6 2.3959
65.7 2.3781
65.8 2.3596
65.9 2.3972
66 2.3988
66.1 2.3913
66.2 2.3564
66.3 2.3805
66.4 2.3854
66.5 2.3912
66.6 2.3462
66.7 2.3631
66.8 2.3701
66.9 2.3621
67 2.4339
67.1 2.374
67.2 2.3818
67.3 2.3587
67.4 2.3848
67.5 2.4038
67.6 2.4056
67.7 2.399
67.8 2.3976
67.9 2.3988
68 2.3811
68.1 2.4159
68.2 2.3822
68.3 2.3615
68.4 2.4156
68.5 2.407
68.6 2.3813
68.7 2.4176
68.8 2.4147
68.9 2.4193
69 2.3907
69.1 2.3935
69.2 2.4051
69.3 2.4275
69.4 2.3957
69.5 2.3393
69.6 2.402
69.7 2.3836
69.8 2.4317
69.9 2.4311
70 2.4149
70.1 2.4633
70.2 2.38
70.3 2.4539
70.4 2.4333
70.5 2.3855
70.6 2.4029
70.7 2.4149
70.8 2.4417
70.9 2.4519
71 2.4628
71.1 2.4219
71.2 2.4001
71.3 2.4397
71.4 2.4214
71.5 2.4476
71.6 2.4064
71.7 2.3535
71.8 2.4317
71.9 2.4329
72 2.4101
72.1 2.4639
72.2 2.4241
72.3 2.415
72.4 2.4003
72.5 2.4317
72.6 2.3958
72.7 2.3995
72.8 2.3993
72.9 2.4675
73 2.426
73.1 2.422
73.2 2.44
73.3 2.4049
73.4 2.3933
73.5 2.4544
73.6 2.4563
73.7 2.3848
73.8 2.4559
73.9 2.4321
74 2.4373
74.1 2.4314
74.2 2.3896
74.3 2.4679
74.4 2.4699
74.5 2.4304
74.6 2.4313
74.7 2.4446
74.8 2.4351
74.9 2.4163
75 2.4676
75.1 2.4347
75.2 2.4413
75.3 2.4115
75.4 2.3825
75.5 2.4305
75.6 2.4534
75.7 2.4165
75.8 2.4427
75.9 2.4467
76 2.4227
76.1 2.4389
76.2 2.4159
76.3 2.5232
76.4 2.4345
76.5 2.4772
76.6 2.43
76.7 2.4619
76.8 2.3708
76.9 2.4977
77 2.4626
77.1 2.4733
77.2 2.3859
77.3 2.4861
77.4 2.4605
77.5 2.423
77.6 2.4611
77.7 2.4371
77.8 2.4357
77.9 2.3969
78 2.4821
78.1 2.4175
78.2 2.4467
78.3 2.4672
78.4 2.4498
78.5 2.4731
78.6 2.5274
78.7 2.4497
78.8 2.487
78.9 2.4242
79 2.4565
79.1 2.4874
79.2 2.4646
79.3 2.4946
79.4 2.4176
79.5 2.4758
79.6 2.456
79.7 2.465
79.8 2.4396
79.9 2.4557
80 2.4961
80.1 2.4768
80.2 2.4583
80.3 2.4465
80.4 2.4294
80.5 2.4723
80.6 2.4281
80.7 2.5116
80.8 2.4626
80.9 2.4611
81 2.3765
81.1 2.385
81.2 2.455
81.3 2.4232
81.4 2.4133
81.5 2.4808
81.6 2.4866
81.7 2.4382
81.8 2.4515
81.9 2.4596
82 2.4697
82.1 2.4555
82.2 2.4327
82.3 2.4956
82.4 2.5073
82.5 2.4096
82.6 2.472
82.7 2.4573
82.8 2.511
82.9 2.4723
83 2.4888
83.1 2.4956
83.2 2.4846
83.3 2.4986
83.4 2.4209
83.5 2.4782
83.6 2.4389
83.7 2.5255
83.8 2.4724
83.9 2.4516
84 2.4935
84.1 2.4817
84.2 2.472
84.3 2.4732
84.4 2.4911
84.5 2.5016
84.6 2.4808
84.7 2.4607
84.8 2.4921
84.9 2.5172
85 2.5054
85.1 2.4718
85.2 2.5045
85.3 2.4859
85.4 2.5249
85.5 2.5108
85.6 2.52
85.7 2.5035
85.8 2.5462
85.9 2.4764
86 2.431
86.1 2.5057
86.2 2.4552
86.3 2.4433
86.4 2.482
86.5 2.509
86.6 2.505
86.7 2.5093
86.8 2.4857
86.9 2.4871
87 2.5514
87.1 2.4637
87.2 2.4847
87.3 2.5248
87.4 2.489
87.5 2.5206
87.6 2.4731
87.7 2.5096
87.8 2.4997
87.9 2.4332
88 2.4908
88.1 2.4935
88.2 2.5617
88.3 2.4581
88.4 2.4895
88.5 2.5692
88.6 2.492
88.7 2.4948
88.8 2.4694
88.9 2.5651
89 2.5461
89.1 2.5026
89.2 2.4705
89.3 2.5277
89.4 2.5404
89.5 2.4863
89.6 2.5021
89.7 2.4801
89.8 2.5471
89.9 2.5145
90 2.477
90.1 2.5238
90.2 2.5514
90.3 2.4804
90.4 2.4664
90.5 2.6023
90.6 2.5048
90.7 2.4997
90.8 2.5172
90.9 2.5399
91 2.5067
91.1 2.5448
91.2 2.5483
91.3 2.5167
91.4 2.5333
91.5 2.5467
91.6 2.4969
91.7 2.5392
91.8 2.4988
91.9 2.4958
92 2.4759
92.1 2.5112
92.2 2.5318
92.3 2.5401
92.4 2.5199
92.5 2.4781
92.6 2.4903
92.7 2.5012
92.8 2.5302
92.9 2.537
93 2.5063
93.1 2.5345
93.2 2.5185
93.3 2.5134
93.4 2.5366
93.5 2.5724
93.6 2.5362
93.7 2.489
93.8 2.4769
93.9 2.5505
94 2.5005
94.1 2.5204
94.2 2.5062
94.3 2.547
94.4 2.5759
94.5 2.4664
94.6 2.5189
94.7 2.4912
94.8 2.4971
94.9 2.4947
95 2.565
95.1 2.5339
95.2 2.4863
95.3 2.5072
95.4 2.4591
95.5 2.5078
95.6 2.5278
95.7 2.5237
95.8 2.5391
95.9 2.4406
96 2.5233
96.1 2.5093
96.2 2.4652
96.3 2.5282
96.4 2.5198
96.5 2.4394
96.6 2.4969
96.7 2.5248
96.8 2.5857
96.9 2.5541
97 2.5693
97.1 2.5518
97.2 2.5043
97.3 2.5517
97.4 2.5389
97.5 2.465
97.6 2.5202
97.7 2.48
97.8 2.498
97.9 2.5236
98 2.4511
98.1 2.578
98.2 2.4961
98.3 2.4467
98.4 2.512
98.5 2.492
98.6 2.4935
98.7 2.5389
98.8 2.4892
98.9 2.5153
99 1.2682
