1900663.555421825
378
7.649438364185279 4.884415553539061  62.7738864942252 1 2 0.001 7 0
-17.51521403470282  8.361540504327115  40.15084939440359 -1 2 0.001 4 0
 4.247063060373162 -5.457755539444038  63.72326250826432 1 2 0.001 7 0
-3.173500301202822  4.415897639771453  64.20386551861137 1 2 0.001 7 0
2.788264928247089 13.93004010541809 59.03441531066151 1 2 0.001 7 0
 14.79537190878192 -2.045269268083587  58.25765322416548 1 2 0.001 7 0
-7.685551618440165 -18.12315204004801  41.42631430251559 -1 2 0.001 4 0
13.89383568428489 9.936374868983581 55.35994893824096 1 2 0.001 7 0
 17.96887223518029 -6.461166896346872  39.01112772434604 -1 2 0.001 4 0
-4.339012818121391 -10.89032118904135  61.16394234235801 1 2 0.001 7 0
-7.755614452572029  18.08003139529449   48.5500844451799 -1 2 0.001 4 0
-18.41629198924203 0.4938151514966932  52.72889619795448 -1 2 0.001 4 0
-4.307540757404682 -18.28509624709018  51.81962438915104 -1 2 0.001 4 0
-2.484591612781072 -19.19691214227726  39.93237519980975 1 2 0.001 7 0
-2.271315546451548   19.8587979501006  45.71059704563499 1 2 0.001 7 0
4.339009321374824 10.89034003422302 28.75074837904727 1 2 0.001 7 0
13.32118222575576 14.25415218850309 40.54770043317626 -1 2 0.001 4 0
 -8.77519027079477 -12.55057292235888  32.09131783629113 -1 2 0.001 4 0
-14.54857383413661  -4.02734462621551  58.08254008385597 1 2 0.001 7 0
-17.29059653502679 -7.389706813698623  51.77209913033318 -1 2 0.001 4 0
-14.79819897821471 -13.25942211390216  47.24295054878733 -1 2 0.001 4 0
-11.59906490841911 -14.96281260265342  51.40342361883025 1 2 0.001 7 0
-11.34035993211376 -9.192445217926215  58.63274969536005 -1 2 0.001 4 0
-10.84974789674819  3.173891731409027  61.45656739949707 -1 2 0.001 4 0
0.7855072560351383 -12.30807694869185  60.70274171809712 -1 2 0.001 4 0
-10.62263096550839  10.35679540048854  58.37039105970599 1 2 0.001 7 0
-1.501888288088089  18.09198759184581  53.35062907778426 -1 2 0.001 4 0
-13.81206138309894  14.44846951304197  44.29044335781818 1 2 0.001 7 0
-18.3846951341227 7.151139919942594 48.25546373211611 -1 2 0.001 4 0
-12.98734200213025  12.69636249365866  53.33904449144098 -1 2 0.001 4 0
 -19.98819791815993 0.05611890814582942   44.41281118941755 1 2 0.001 7 0
 8.179710817665658 -2.140034029937583  63.08053041600086 1 2 0.001 7 0
 12.30783644617992 -12.35533008800776  54.74710159336272 1 2 0.001 7 0
 17.32519801103146 -6.957024804060314  52.13281337097357 -1 2 0.001 4 0
-14.85652241938088 -10.77669941139548  37.01001792127925 1 2 0.001 7 0
-18.90480281415097 -4.298108174303937  40.06219817937567 -1 2 0.001 4 0
-16.66910329347623  1.005729478051844  33.95584142671568 1 2 0.001 7 0
 -13.5108726431148 -2.842766526199916  30.49637807457398 -1 2 0.001 4 0
-2.304031614909285  14.34956191528784  31.21573862992361 -1 2 0.001 4 0
-9.460903497724738  17.20731528276488  41.16392581975696 -1 2 0.001 4 0
7.170222801996367 11.27631667874904 59.83584909301381 1 2 0.001 7 0
15.91162232924367  11.8297530533797 47.58931949870077 -1 2 0.001 4 0
 13.15258519443742 -9.059744730248289  32.92122880708499 1 2 0.001 7 0
 17.11608052124777 -10.31853914881493  45.72026211848791 1 2 0.001 7 0
 13.689204460264 -13.589310962436 39.6603642525122 -1 2 0.001 4 0
 5.860933748130656 -4.077544395077521  26.27374612821389 1 2 0.001 7 0
 10.84974794718085 -3.173891708396245   28.4581126380967 -1 2 0.001 4 0
 6.505492329963444 -13.44517561066001  31.65715454330736 -1 2 0.001 4 0
 1.501887052474092 -18.09199879773974  36.56406891134356 -1 2 0.001 4 0
 0.341680334264526 -14.11745144280215  30.79506865007321 1 2 0.001 7 0
-1.071170138161039 -7.319070930948928   26.3732516413469 -1 2 0.001 4 0
-4.307905080619285 -2.301941124709237   25.5613143902134 1 2 0.001 7 0
-5.265760827787284  2.902757996036858  25.88224639275352 -1 2 0.001 4 0
3.939256714281794 3.890894311773079 25.73928642635759 -1 2 0.001 4 0
16.51745863981056 3.543601243254215 34.25255073242993 -1 2 0.001 4 0
11.80297840248712 11.47910977576939 33.59768459154759 -1 2 0.001 4 0
19.30427741514102 4.802950532272796 47.03838019330009 1 2 0.001 7 0
 19.82946010861234 0.8936830862523775  42.48324904982358 -1 2 0.001 4 0
 4.727225221096105 -19.42413906572686  45.62119908178841 -1 2 0.001 4 0
 3.330886981578377 -17.48114675882404  54.08965875379908 1 2 0.001 7 0
 8.937277898388261 -16.47869480062311  51.92641937739054 -1 2 0.001 4 0
-6.319101181105424  12.16858119883436   30.3994543085787 1 2 0.001 7 0
-10.43001939932813  9.054196895722692  30.48812288152189 -1 2 0.001 4 0
1.907368139931387 18.05247379335679 36.55765651102565 -1 2 0.001 4 0
5.544698224020645 19.15677802460342 46.43302512106787 -1 2 0.001 4 0
6.797136700083472 18.19481897557108 40.18891454612747 1 2 0.001 7 0
2.520704462796757e-08 1.151134315005421e-08     44.95734001879408 0 20 1000000 3 0
 18.18474357769112 0.6941625523776184 -53.24190342597141 1 2 0.001 7 0
-10.43732456855983   17.0544140831519 -44.85910432413408 -1 2 0.001 4 0
  19.84419287723719 -0.1961431779081639  -42.47660922796991 1 2 0.001 7 0
 16.81922223835926  10.31229063190096 -48.23917275985446 1 2 0.001 7 0
 11.93224033460257  7.383357322190639 -59.20838077590339 1 2 0.001 7 0
 16.82757935187156 -9.619477340637172 -49.88508971024637 1 2 0.001 7 0
-2.488072856622154 -1.633780245531047 -25.18046608175827 -1 2 0.001 4 0
 11.93799821890629 -4.935351337228852 -60.22531281464354 1 2 0.001 7 0
0.008357147441358688   -19.93176798053457   -46.60325696074324 -1 2 0.001 4 0
 16.04169216894903  4.302664190348336 -33.81143128018636 1 2 0.001 7 0
-1.444214010181515  15.00881307375026 -58.09486941856612 -1 2 0.001 4 0
 2.558914192653222  18.49050235265231 -37.79116730941691 -1 2 0.001 4 0
 8.315556606669604 -1.490301798914388 -26.82943006415178 -1 2 0.001 4 0
-2.395168974136496  -7.01688634573447 -26.38393496909413 1 2 0.001 7 0
-3.011236242235394  10.11188768896462 -61.95087729465762 1 2 0.001 7 0
 -16.0416858162526 -4.302650408535443 -56.10326458730201 1 2 0.001 7 0
-3.007229550119912 -7.184027535071518 -63.38085730480085 -1 2 0.001 4 0
-12.54654377938759 -1.282936532509209 -29.43336871705531 -1 2 0.001 4 0
 9.376685214046631  14.95231475831251 -35.54153196843841 1 2 0.001 7 0
 3.185550774827928  14.08393551085335 -31.11868166141816 -1 2 0.001 4 0
0.4435724088918036  8.219438761526019 -26.72914607341436 -1 2 0.001 4 0
 5.505644454686591  6.023980348055415 -26.69876387138924 1 2 0.001 7 0
 11.54853225214458  10.28027942311889 -32.26604766074077 -1 2 0.001 4 0
 12.41038158486535  15.63716631412955 -43.74219312447035 -1 2 0.001 4 0
  17.15327071014399 -0.8399994062078339  -34.70633221306556 -1 2 0.001 4 0
 8.392415304934318   17.3737089634701 -50.22374681325311 1 2 0.001 7 0
 4.747328727692968  11.04465775691731 -60.94175083680938 -1 2 0.001 4 0
-6.496785970095459  17.52208109079798 -52.08085796324706 1 2 0.001 7 0
-2.748413632142946  19.76856088590053 -43.66751032236857 -1 2 0.001 4 0
 2.615943369876686  18.83753018206963 -51.15620602611917 -1 2 0.001 4 0
-5.702939020919693  17.16999661657379  -36.4429157755988 1 2 0.001 7 0
 19.72523132881845 -2.473253673762786 -47.13350893482248 1 2 0.001 7 0
 14.46911167919717 -12.63406248257577 -39.38942078447864 1 2 0.001 7 0
 12.42330260623798 -15.61558411893293 -46.32305719619647 -1 2 0.001 4 0
 -9.71478929212984  6.174410652491276 -28.60151659890899 1 2 0.001 7 0
-8.879299429194214  13.18388585736489 -32.82593809081666 -1 2 0.001 4 0
-14.95783989827327   11.5209890198605 -38.36694511604587 1 2 0.001 7 0
-16.82784236816183  6.208187597017194 -36.12407623348213 -1 2 0.001 4 0
-15.95997412231138  3.573299818062949 -56.47084732327018 -1 2 0.001 4 0
-8.785705172844816  13.91077818081808 -56.32800488983782 -1 2 0.001 4 0
 14.25016175170532  2.771759156401315 -58.71189149964377 1 2 0.001 7 0
 4.756619010025246 -8.271046618441757 -62.53614717248752 -1 2 0.001 4 0
-6.630486501693921 -18.63261104404365  -41.9908776727087 1 2 0.001 7 0
  6.79053863254537 -18.70816593516529 -42.98056858637892 1 2 0.001 7 0
0.6463340555129398 -18.87133357843553  -38.3560776548467 -1 2 0.001 4 0
  -15.640528880223 -12.33524852402025 -43.14927682181871 1 2 0.001 7 0
-12.41038151701001 -15.63716633012639 -46.17248689620332 -1 2 0.001 4 0
-8.862384380947079 -15.00513668300435 -35.14443385735946 -1 2 0.001 4 0
-4.747310111463558 -11.04465572331845 -28.97291909641362 -1 2 0.001 4 0
-11.17339599980766 -10.19461496336151 -31.87245719448008 1 2 0.001 7 0
-16.82783704272857 -7.593717662273255 -37.26033427375484 -1 2 0.001 4 0
-19.23305584194659 -3.034890198590702 -40.38111964999217 1 2 0.001 7 0
  -19.99844018575535 -0.03344279283837163   -44.68401149115996 -1 2 0.001 4 0
-17.90765006576648 -7.655062237712661 -49.50777688675728 -1 2 0.001 4 0
-6.484084540053905 -16.12064264208391 -54.85974329145439 -1 2 0.001 4 0
-9.583820977713801 -9.071039052844352 -59.99025910291476 -1 2 0.001 4 0
 6.221426854956423 -14.17708923198852   -57.620600921567 1 2 0.001 7 0
 2.635284344490871 -17.56399419226965 -54.15998461158937 -1 2 0.001 4 0
  4.92867437879158 -11.63837615875668  -29.4544075272352 -1 2 0.001 4 0
 12.32912205721437 -7.100974464573944 -30.89841196790919 1 2 0.001 7 0
  11.5608668129011  -12.2092564286005 -34.12817556541474 -1 2 0.001 4 0
 -17.4323857035935  5.935091324840874 -52.75631833375057 1 2 0.001 7 0
-17.91968785326993  8.280612634964834 -48.18817136818929 -1 2 0.001 4 0
-10.36513146850504  3.012799823818453  -61.7969252757409 -1 2 0.001 4 0
 -0.18816129159352  3.280359509239751 -64.68314304173408 -1 2 0.001 4 0
  -5.661528014108336 -0.07060270414429601   -64.13890670914886 1 2 0.001 7 0
 3.392258057559293e-08 -8.004210139570824e-09     -44.95734001034872 0 20 1000000 3 0
-9.310953107056973 -51.45426713166058    99.935840406119 -1 2 0.001 1 0
 39.82424725248741  28.09743070829838 -3.502420393124201 -1 2 0.001 1 0
 0.293327031393531  -37.4116125174492 -91.39923779519629 -1 2 0.001 1 0
 -39.1144887125872 -11.11566158799348  18.73269283243983 -1 2 0.001 1 0
 37.91966863262196  34.23847479982197 -63.31026423660447 -1 2 0.001 1 0
-19.82115233468927  -11.7375399970428 -93.94104686166061 -1 2 0.001 1 0
 48.47683349627458 -24.58615612467888 -68.34947116163377 -1 2 0.001 1 0
-16.10284183127217  38.83264484723279  63.27108329575031 -1 2 0.001 1 0
-12.69157002705547  49.94644025991126  28.12349798185712 -1 2 0.001 1 0
-16.98916749997294   26.4996598520657 -74.43810150003344 -1 2 0.001 1 0
 50.66601058677723 -8.586109354091976 -39.71318164580843 -1 2 0.001 1 0
 3.985705857075498 -52.33514095508831 -29.32297807241994 -1 2 0.001 1 0
-20.2127066840744 36.75453912921503 48.41905740413395 -1 2 0.001 1 0
0.9584864450195916 -29.45316349954356  94.99268642025505 -1 2 0.001 1 0
0.5533405399336431 -13.24212023530436  19.91190648878177 -1 2 0.001 1 0
 13.77303017918698 -46.83407409761897 -24.56315262995673 -1 2 0.001 1 0
-10.87901920784469  50.48515223782557 -83.13609035354547 -1 2 0.001 1 0
  33.2709424046196 -18.67759687860335  30.12517685660212 -1 2 0.001 1 0
 10.65719748865919 -9.722766843220265 -10.55537908873624 -1 2 0.001 1 0
 5.313704551678587 -51.31925442571526  37.40898378666063 -1 2 0.001 1 0
 21.24547803538407 -47.10013487002801  65.32533651331994 -1 2 0.001 1 0
24.20590510050648 24.61545666726143   76.330298075408 -1 2 0.001 1 0
-10.25885571429342  29.77418220922494  86.84198099760019 -1 2 0.001 1 0
 8.549778344069434 -36.11050375242134  47.94704960980144 -1 2 0.001 1 0
-39.84943800513907 -4.100528088994201  63.27043006393786 -1 2 0.001 1 0
 30.96105504574007 -30.20744169524009  51.22613028067727 -1 2 0.001 1 0
1.073673685149743 1.675110003076419 90.41181684559379 -1 2 0.001 1 0
-17.50339186521669  33.80213774332753 -8.703516225004353 -1 2 0.001 1 0
 43.05551479555849  3.497046647870402 -13.81458059706159 -1 2 0.001 1 0
52.73632806436873 10.64646317933852 52.23116929866296 -1 2 0.001 1 0
-37.64034859490948  25.22577958165202  91.99767471507957 -1 2 0.001 1 0
 2.862041993682618 -24.69447075097583 -61.32975088774746 -1 2 0.001 1 0
 17.07049048557069 -12.30299269918941 -61.05293674021241 -1 2 0.001 1 0
-43.17792818760895  21.03208527685416 -77.09966716153897 -1 2 0.001 1 0
 17.17310850503233  51.97175601725554 -72.87684166041022 -1 2 0.001 1 0
-28.35962132558045  13.57053092065367 -77.62430020042765 -1 2 0.001 1 0
-31.27705384478616 -30.24019146558147  46.03415159456301 -1 2 0.001 1 0
 -35.8591405655527  27.37249635438582 -5.663683861977731 -1 2 0.001 1 0
-44.48939677628009 -9.176381822069363 -91.68878428123848 -1 2 0.001 1 0
-43.71019464388836 -18.77509349148999 -85.36569467127785 -1 2 0.001 1 0
-7.164592600171133 -15.83089827366519 -10.82778255529859 -1 2 0.001 1 0
46.56977374495531 22.49088791960966 -12.9701994574238 -1 2 0.001 1 0
 5.331438421706185 -22.28611165195275 -15.13445214837492 -1 2 0.001 1 0
-37.97881888821884 -14.41753200849294 -15.55724692792634 -1 2 0.001 1 0
19.63739275352379 31.10528238564108  -77.288918075686 -1 2 0.001 1 0
44.54049670317997  2.36476544791072 -4.68813559014021 -1 2 0.001 1 0
 -10.6422307861489 -25.94894620628949  10.32641244376955 -1 2 0.001 1 0
-6.178171104214298 -25.61528183673842    92.987772570019 -1 2 0.001 1 0
-23.54052181650808  5.833848107174008 -94.77518893219042 -1 2 0.001 1 0
-21.76164998289182  38.61398612125906 -60.18557195090391 -1 2 0.001 1 0
-19.65837688453898 -24.07929338222707  96.38943982967996 -1 2 0.001 1 0
 15.37518599311472 -38.09158283822303 -93.18338495842524 -1 2 0.001 1 0
 -9.0134587458349 9.340826159794613  -74.062866293352 -1 2 0.001 1 0
 -29.3218159398819  15.50287726035166 -39.91655855340642 -1 2 0.001 1 0
-30.08021858927976  -13.6678561004688 -7.586134104253368 -1 2 0.001 1 0
-17.23009458583751  32.74624663615093 -86.16842624815057 -1 2 0.001 1 0
-31.23308057303925  8.485946007928028  61.53581926898886 -1 2 0.001 1 0
-7.024885067824108  51.54348159459597 -17.17635135160245 -1 2 0.001 1 0
-30.42772185334319 -2.403761075563001 -72.27454402379192 -1 2 0.001 1 0
-15.27153833516227 -29.46572550514277 -10.29487669626249 -1 2 0.001 1 0
48.30336289867869 13.92623353704642 45.39718782399105 -1 2 0.001 1 0
-34.91650007673083  9.439272179614161  71.41299171724197 -1 2 0.001 1 0
-18.65632198521578 -21.71627874792754 -19.96261453608689 -1 2 0.001 1 0
-3.685952302245164  46.40617647823851 -70.19538494522519 -1 2 0.001 1 0
-4.555825588746618 -45.04681358696494  19.86158073556875 -1 2 0.001 1 0
30.85375116485722 32.15277783802708 18.52405665488133 -1 2 0.001 1 0
 22.63442448638597 -34.40107663830229  46.72652366921881 -1 2 0.001 1 0
 25.04167183298081 -24.37088894086602 -76.12817134570895 -1 2 0.001 1 0
-28.74921784007003  38.40065700966541  41.68333280219819 -1 2 0.001 1 0
36.54285376208587 -26.7828662963647 75.61168501524907 -1 2 0.001 1 0
 12.40519402875495  43.82229059994758 -89.76809093504461 -1 2 0.001 1 0
-32.88693800483249   30.1635145406727   11.9080879578113 -1 2 0.001 1 0
-23.82772251141636 -43.44737002144048 -22.02492348195088 -1 2 0.001 1 0
 -44.0947865561478 -9.732165576855801 -1.383601298715927 -1 2 0.001 1 0
-37.18536188954875  13.36438859094799    1.1419217696853 -1 2 0.001 1 0
 23.32282585003628 -14.60625756520396 -53.67636126307278 -1 2 0.001 1 0
 2.644019378941072 -54.45462863082378 -46.94899944422798 -1 2 0.001 1 0
  5.27697227479734 -32.15553753366793  -14.0348250404779 -1 2 0.001 1 0
-29.30630405555629 -38.20849933945551 -44.65495642064977 -1 2 0.001 1 0
   -33.0962663097  20.4379469042701 52.01814609814609 -1 2 0.001 1 0
 25.49061762683773 -1.841300250151694   86.4735371760126 -1 2 0.001 1 0
 51.95222777644449 -17.98633921136306 -63.25445953602891 -1 2 0.001 1 0
 -5.91196046038424 -47.43075211888176  76.52917556393511 -1 2 0.001 1 0
  21.22721553927022 -0.5634755488164966  -35.80480485102722 -1 2 0.001 1 0
 30.65422585497383 -43.19924925005303  76.49597458896363 -1 2 0.001 1 0
 10.79433507593873  22.22115537324538 -13.64760382319891 -1 2 0.001 1 0
-13.74415365227668  47.65306610837028   51.7695419090012 -1 2 0.001 1 0
 22.78723323947386 -37.81761949100233  32.99452580047432 -1 2 0.001 1 0
 38.69128457601219 -20.47963690540755 -17.95499697757522 -1 2 0.001 1 0
-37.45809104298893  5.089349207781742 -44.49323208232414 -1 2 0.001 1 0
 23.44113519103648  37.87661812151289 -26.49912873371381 -1 2 0.001 1 0
-15.58163230645225 -49.07933400942571  63.06380945498144 -1 2 0.001 1 0
 42.77974851552838 -26.84804256539111  61.42227911591115 -1 2 0.001 1 0
50.83978207850519 6.625153088433094 75.02515068455972 -1 2 0.001 1 0
 -38.6738988463218 -13.52701596732654  84.39024070403863 -1 2 0.001 1 0
-4.418109316524811 -5.265054057364217  18.37751079561459 -1 2 0.001 1 0
-31.62835400502737 -9.899363286332644 -49.33256174160425 -1 2 0.001 1 0
-10.78567628346607  24.84126681798018  12.73276304703561 -1 2 0.001 1 0
-43.20026914676593  3.081432437542185  47.64247593216977 -1 2 0.001 1 0
-20.21871235951919 -49.57937957285226  75.45404649442227 -1 2 0.001 1 0
-4.281199467794028  19.25248668658875   75.4112808100422 -1 2 0.001 1 0
-40.48708945538374 -21.37026142214658 -62.51646982167536 -1 2 0.001 1 0
 21.05056841001821 -10.47912609718349  1.344996747380143 -1 2 0.001 1 0
6.394794409510901 9.785917641616798 66.07028384482972 -1 2 0.001 1 0
-35.75950905850576 -33.22029895749131 -80.12198358389576 -1 2 0.001 1 0
 33.98913606053367 -8.684864336343729 -48.85629936047695 -1 2 0.001 1 0
12.85383864220902 25.90951631788977 47.47519992100988 -1 2 0.001 1 0
-43.85899571440758 -16.28477503799354 -59.70043671917613 -1 2 0.001 1 0
 35.3641489403502 6.219715726907309 -99.9349554036387 -1 2 0.001 1 0
 6.934158173333262 -50.58943172706769 -49.46060307972532 -1 2 0.001 1 0
21.63503587603671   31.295291451922 54.37163393755398 -1 2 0.001 1 0
-33.95855269999505  14.77450257399586  18.75770330560589 -1 2 0.001 1 0
22.34265336854359 1.515921798274007 46.00157589974277 -1 2 0.001 1 0
 4.527965744394892  47.12739438894124 -65.69950372348306 -1 2 0.001 1 0
 11.70767705742159  -28.6939927818168 -7.002478234831543 1 2 0.001 5 0
 46.96374155206856 -15.82553915371431  -57.7769360966761 1 2 0.001 5 0
 6.293017645778329 -14.18281425239954 -70.76878365042353 1 2 0.001 5 0
-6.509209003344772  48.20346640316063 -55.59512881556478 1 2 0.001 5 0
-16.97789656443264  15.44144169661572 -67.77999640740623 1 2 0.001 5 0
-39.28712415100171  7.929886090836915  39.65428795086998 1 2 0.001 5 0
 -48.3320179792259  10.65800404453355 -51.38030878623832 1 2 0.001 5 0
-8.362053553850242 -22.14932948802769  21.52912849309579 1 2 0.001 5 0
 27.29681606689402  45.38011595889179 -14.15188314741885 1 2 0.001 5 0
-29.96298394534091 -38.44142233982495  44.25343967058055 1 2 0.001 5 0
18.39895510612658 25.46105934518938 15.42907022893431 1 2 0.001 5 0
-47.18473431709468  17.66933417821041 -76.36160600501468 1 2 0.001 5 0
39.37971927687555 35.89698819624212 52.05725214805649 1 2 0.001 5 0
 25.73877395179203 -9.669201240955928 -94.56084100747803 1 2 0.001 5 0
44.93791687749808  29.2227620273317 95.75919612295642 1 2 0.001 5 0
-3.31948512656904  -9.7969281332796 21.99188589650713 1 2 0.001 5 0
-22.91465583215555  43.15520683799343 -62.92809974798727 1 2 0.001 5 0
 42.99386683741049 -9.496075163846124  89.38985005091762 1 2 0.001 5 0
-39.57686342971832  0.757007117978489 -80.41257902817097 1 2 0.001 5 0
-33.29829572145406  25.09657001226392 -63.85585335547947 1 2 0.001 5 0
 16.90162965215029 -33.24461577721513  10.71795133886902 1 2 0.001 5 0
-18.19738996416147  5.461260016586863 -78.90967006895389 1 2 0.001 5 0
22.99365727953841 40.55661074390055 45.02809339418488 1 2 0.001 5 0
-47.60573928375409  4.395669420618422  -2.16236661484287 1 2 0.001 5 0
 20.47431186707021  46.17919075664481 -82.09598736140789 1 2 0.001 5 0
 19.21628246293465 -14.27046988679765   45.0975395468376 1 2 0.001 5 0
-10.7153930204803 19.93469680245474 -15.6091817877972 1 2 0.001 5 0
28.28592561734675 9.158945028724748 45.05082402490687 1 2 0.001 5 0
-47.74990122035121 -23.32230346928901  17.15930603632833 1 2 0.001 5 0
 46.57515143072742 -26.83579813448757   94.7762453106718 1 2 0.001 5 0
-41.05741539113157   23.6777025730882  58.00899357743859 1 2 0.001 5 0
-3.398503865707193  -41.2420550984197  83.59942519867079 1 2 0.001 5 0
 9.277096297102112 -36.83922583671978  25.38445071946323 1 2 0.001 5 0
 37.14182969399469 -15.75098676759932  18.58703929975147 1 2 0.001 5 0
 24.74794486364999 -27.63901741549957 -15.09895555574573 1 2 0.001 5 0
 44.20148419021842   29.6361275981413 -70.54490245383563 1 2 0.001 5 0
 -10.532699116666 -25.1571923416931 90.49243120603806 1 2 0.001 5 0
 -2.99005237644085 -52.11680785489712 -35.86025998388607 1 2 0.001 5 0
-42.37042231114746  15.69697482458356  75.39886542687826 1 2 0.001 5 0
-22.99228743803621 -18.86123045837616 -55.46875132470713 1 2 0.001 5 0
 11.61789681880212  2.467899115225841 -92.24364129155225 1 2 0.001 5 0
 27.88608574446454  34.02989741962365 -95.49978008901884 1 2 0.001 5 0
-39.75417903341963  35.81751481754441  40.13880596739078 1 2 0.001 5 0
-27.51189423759502  -18.9206838933821 -15.91899032179538 1 2 0.001 5 0
-39.27004290796287  21.17769114986891  80.86511241091772 1 2 0.001 5 0
-45.9908136764909 25.83188783433435 2.085031217661292 1 2 0.001 5 0
 22.31448923834019 -19.53086384738525 -91.31950547192997 1 2 0.001 5 0
  9.42888416371852 -25.56085242517494 -58.67522596940012 1 2 0.001 5 0
46.03536953834631 19.48589224160472 44.54861357613174 1 2 0.001 5 0
-27.51920421673713 -1.252665023993502  16.83562707775596 1 2 0.001 5 0
-33.21259127835176 -2.559986620384818  20.86125742160103 1 2 0.001 5 0
 42.59567078297064  13.05438920659143 -9.876904905181856 1 2 0.001 5 0
-20.84665876271111 -27.00411015434482 -48.12028252526643 1 2 0.001 5 0
-14.8943138075033 51.74913734246941 59.46933140508126 1 2 0.001 5 0
 39.41225480287829 -11.47402974266718    41.535809437815 1 2 0.001 5 0
  37.5574141782037 -1.242761551514405 -38.47837204680767 1 2 0.001 5 0
 33.50955174450804  40.75794019118902 -18.35632590155148 1 2 0.001 5 0
 33.52299625656887  34.96394363603113 -58.97592096371744 1 2 0.001 5 0
 3.541691632416761  27.19301800953291 -66.36670487022403 1 2 0.001 5 0
-7.654896399047896  50.11794429829395 -71.75952131672861 1 2 0.001 5 0
 41.04618066898581 -12.09395711504324 -32.60805089586025 1 2 0.001 5 0
  22.5032039126818 -37.45351226283534  84.62691206587053 1 2 0.001 5 0
-23.1888706292759 45.58409150811225 4.775928886885598 1 2 0.001 5 0
-21.14016167067312  13.08593941255594 -39.46075132019787 1 2 0.001 5 0
-23.25512135190548 -47.17128403104412  75.38560327269077 1 2 0.001 5 0
-49.76836049027129  17.32422629439134  20.70338877814732 1 2 0.001 5 0
23.88408468094347 42.00949145823305 49.36146911144405 1 2 0.001 5 0
 1.714943948257263  19.15682674379033 -84.12165068166492 1 2 0.001 5 0
-20.43654893452008 -13.56476132897288 -81.51149887174934 1 2 0.001 5 0
 53.20615135423957 -9.766064238175666  57.97882555832248 1 2 0.001 5 0
 -30.5890620132879 -1.845985207759149 -98.20432461261291 1 2 0.001 5 0
 33.78900009524989  27.25480325048029 -9.715690050281951 1 2 0.001 5 0
-36.98017738762408  38.67626238188712  66.03166301637782 1 2 0.001 5 0
-20.21397548480323 -20.90550998319277 -74.76672545326397 1 2 0.001 5 0
-33.32558267202017   1.18949467859774  47.18202230148582 1 2 0.001 5 0
 10.32309124572764 -4.659152111913702  -15.3809980505072 1 2 0.001 5 0
 22.48817642169011    2.0410561068385 -23.98253630471966 1 2 0.001 5 0
-35.17375439827318 -35.85914942183815 -45.45412629633706 1 2 0.001 5 0
-25.28492685803891 -3.818227965603818  59.19909802474606 1 2 0.001 5 0
-29.6734101418213 3.507410914293676 30.55722948623399 1 2 0.001 5 0
-38.30718149977235  -14.6808037258399  96.51354896183715 1 2 0.001 5 0
-0.2952158091106556  -26.81939458046182  -93.98887748716174 1 2 0.001 5 0
-0.2354875585428751   5.086703650217176  -77.77024868527521 1 2 0.001 5 0
 23.01353103862431 -10.32732952928356 -61.22121917671967 1 2 0.001 5 0
-9.951836559119396   17.1701108084696  27.35593842877437 1 2 0.001 5 0
-4.800463188438549 -29.92779871686734 -32.26072590851095 1 2 0.001 5 0
-36.01966901654516 -11.88755892523816 -35.87818061008821 1 2 0.001 5 0
-43.96379662822761  6.100856110352929 -58.44359808070359 1 2 0.001 5 0
  10.6020820968606 -48.43355171581456  29.26634687684911 1 2 0.001 5 0
-1.760799481207225 -48.28323079651081 -74.44526400764876 1 2 0.001 5 0
  -2.3188557502087 -24.96390459577749 -11.63306512898541 1 2 0.001 5 0
-41.17938683075251  -9.87295052277579  51.42312913278178 1 2 0.001 5 0
 6.509362129437028 -12.80605242308665 -11.82183374922954 1 2 0.001 5 0
 41.84216580239966  7.884336383222331 -88.99203208792308 1 2 0.001 5 0
 8.595574779074013 -18.69493276207866  56.78306203065765 1 2 0.001 5 0
-1.842296310197604   18.1519754057331  28.70298258329824 1 2 0.001 5 0
25.13210037079137 5.561934869207592  84.6235422157343 1 2 0.001 5 0
-10.81213233454879 -31.89880796090008 -23.83387741831843 1 2 0.001 5 0
 6.666314286637181 -15.42800646063993  9.403020876745899 1 2 0.001 5 0
 17.31067198678527 -35.56012030049732  48.12721769447885 1 2 0.001 5 0
  -37.526933056722  7.711464081418189 -22.76573282216123 1 2 0.001 5 0
-39.37501903647063  14.75409176086359  98.49828860150305 1 2 0.001 5 0
 11.55801387914035 -52.80532204885893  42.22637076490732 1 2 0.001 5 0
 1.679910770781508 -43.89376691426729  17.34054533618196 1 2 0.001 5 0
 7.184642176110925 -25.37800895448372 -17.61288676456498 1 2 0.001 5 0
 8.129442529833881 -45.52655821161783 -59.45302574061546 1 2 0.001 5 0
-6.97339782913391 44.93869122328877 57.97643640926103 1 2 0.001 5 0
-29.18230049666336 -31.05558382761304   65.3900230553771 1 2 0.001 5 0
9.316039722433841 17.37288461308444 84.30937911329221 1 2 0.001 5 0
-12.0566622825669 33.11296385341978  35.5922744238365 1 2 0.001 5 0
 25.3330456472623 41.53480610844052 67.03062190808836 1 2 0.001 5 0
20.88735339188318 10.74068384986455 29.84051274202939 1 2 0.001 5 0
-32.42903826063996  24.80691913046621 -29.00323016668164 1 2 0.001 5 0
7.077100432253827 18.73258928842488 19.41300971181335 1 2 0.001 5 0
 18.84650059518032  21.73812083743861 -67.33128561924775 1 2 0.001 5 0
  15.1866403328274 -30.44943928223876  52.25225453435625 1 2 0.001 5 0
-7.804890627425477 -42.01969355451862  27.04153349142212 1 2 0.001 5 0
 42.10086096100341  12.70376285314838 -47.52971329333384 1 2 0.001 5 0
 26.75244866954837 -42.22590363783534 -30.29433065746749 1 2 0.001 5 0
 29.23618463594676 -28.89734471896459  4.382391929505989 1 2 0.001 5 0
-14.43263869054087 -41.48651476331023  82.78325121478625 1 2 0.001 5 0
 12.71099149891842  46.06344225612683 -49.10047277322307 1 2 0.001 5 0
20.94338426800458 35.47077308224349 75.30244420817112 1 2 0.001 5 0
 43.01521831534144 -23.30120354262891  52.21199660360274 1 2 0.001 5 0
-24.50826184127101  35.56344738000984 -6.738363056177775 1 2 0.001 5 0
-38.45214087441965 -23.72248433816133 -86.21293993343041 1 2 0.001 5 0
 3.944111911030863 -10.84512794076713   15.8644416574111 1 2 0.001 5 0
-44.00086594161942 -16.91398808405124 -10.50519712580092 1 2 0.001 5 0
-23.89313970036098  43.57065428564519  37.85942772657756 1 2 0.001 5 0
 13.10552075888299 -51.07956026980207 -25.05400056475318 1 2 0.001 5 0
4
0 66 0 67 2.429637524897926e-14 3.120999364241829e-14     44.95733998813379
67 133 1 67 -1.008552053377838e-14  3.673565546464129e-14     -44.95733998813382
134 247 2 1 -0.3835776539229911   2.289994890704875   9.269757767993909
248 377 3 1 -1.499047581015602  1.842126449489333  6.394695753658178
randomstate
4233246628 66135326 888459097 1210965885 1374232929 3399396508 3629190718 2865463953 4097933892 2776281142 1717807771 1252819573 1098687104 2883899368 828080966 584024103 4053261468 2925836407 2392977731 2061450229 3943041901 1328296453 4034597123 3412381713 4047609026 2666039331 4072897235 291258980 171896942 2357274798 2894882101 3036117577 1635552449 353977799 507995040 561967908 3225437601 3526352162 1442414278 3160328758 664969893 2214645931 1465495378 2634410184 1655742581 1957792866 200542041 2902815328 1418496027 2947297449 164203282 2794917384 147348734 2909607971 3892332847 1297594433 733108725 2747910827 4013651868 3486505594 3563540678 1787281932 3413993607 2235926951 104405855 2234118559 210304345 3616394091 3131607178 145138138 1007497225 2423273521 759897540 1557464544 3031751213 965138483 401894610 1223938398 1308652219 1853418872 1907437860 2121333372 3615889703 720978593 3734913219 1782040825 3928283535 3989703004 1104574704 3621006491 3455943031 2364629810 3771478321 1671040454 799854660 887097699 2647870633 1967423387 2253250335 3594458667 2559588368 1852572630 2601087361 570099923 712513271 433902941 1115520932 289155978 1241201830 1108539248 1699789941 2955655389 3890399433 952830982 3366092987 2703128614 384970203 686243685 756294402 2768779105 2206928861 3947823176 3407936035 2399107075 1647080866 3095899972 2586693521 3753576847 317262873 681688101 1184014845 2414209429 3856483811 2137074353 2811472748 4015974287 1696501065 3934145522 915841917 1206023509 3356579361 1878364624 318868514 3083644456 1703572845 253262599 2553164420 3345884979 3292835799 108791349 901205386 1566240282 1803618695 901648557 4234035628 3261948818 1395404217 2024110232 1397801633 3246016793 3534831991 777157742 1670546395 798892206 1556681687 1736746250 3419147544 3438343127 3351567749 2412322586 690238579 349096535 3204433235 1836572673 155085145 1123300868 1048352090 3737845536 2210160194 3773097890 437684843 2962779370 2649631191 1456420015 3211028994 2125205295 1883234035 2261258347 2119120216 647961084 266909982 1955771322 4045680395 3184823615 796941402 155032945 4083079786 3704761023 3974745292 2275513688 2354639794 3485611404 1208169047 4059944952 1669706720 1408227299 2165041177 319492592 3058527459 1281510029 3083070019 2911491939 1048037872 2221116335 1323501409 4201845757 4200684386 1834601365 3795289675 3997998293 2661322969 1153496521 2730687346 4076905448 540490063 1672311750 1508974812 1227757546 2224782455 4000951208 1502759564 2892894416 2561347490 2927701162 479834240 2462661349 673168269 3931638549 3468802112 360430279 1249976007 607484417 3427680684 1418701803 718663627 783995185 862386383 1286346379 3823641030 2972793100 2635388992 4211389987 664183263 3403540293 64756691 1097420325 753752475 1273244402 2174305417 2184720870 1035452488 3439426508 1938438303 2162426856 1247754631 2714660424 2869196823 2096147329 3620587195 662656423 2257444209 2127424300 2446483422 968062648 4277122208 2515226670 455275072 443076321 3147427648 374156332 4060422021 2013678533 878538959 925383904 3058307572 2514018167 231013843 1610490705 3354255970 3035265263 3956785711 4193645459 2920401281 1619133279 3700629250 3332950734 3358998895 142132499 1941386430 3819489301 2859293766 3067411722 620661231 1455493842 3691415279 470488321 3935865754 1317667943 1091648116 2617266624 3432640436 1661578544 2622921320 596602381 2638149096 4274333965 2886650187 540628935 2919994973 2246332947 2429122649 1473428561 3856349269 4121072315 1867265656 3677845553 933327190 3846531869 4181277439 554409823 2855480753 87423828 4260687126 233992146 740843117 3557111649 835969792 2998338535 1658744633 683163985 2899390719 2045869611 3065353412 2454700509 4183579583 903070874 4140775028 1507868182 1438399893 1538835741 525052045 703155116 3394173823 1277682669 2801835949 2968976150 151333182 1947133794 2679559635 3562051722 3774670776 601927275 1108943940 1877987592 3191777548 248355830 2507695251 3297073850 2519579942 4159005768 4188460925 2439399929 1556132897 2563040988 3222686059 1831064114 1948320236 3383441065 652395717 2628394109 1121689760 2625397683 3792050192 111799674 3554921547 1994243489 2612811799 3620507402 1220896373 1471369290 2307382592 241216777 680417954 2884536961 3567857976 697818402 204404647 345783361 3184842775 788351911 248570807 3090731738 612945104 3673252453 1099363569 2299087333 1791528549 266624687 910002839 1532837379 1799267425 354126618 740190407 935535914 2766938937 106565335 4149695402 4151319362 3038241728 2970166021 771245316 1782642453 804556314 1387351491 2772023647 7020946 608559905 557070962 3763536500 3581493765 4025134207 62122925 3070066757 2084959748 3458539073 3994778743 1115544300 3431670108 1654982999 1185919742 2924221378 4026322455 3366522179 4125397197 3502254578 2249819038 3919343841 3803189937 4195673559 681747635 3778674686 984294400 2559357144 1343525365 1221577729 947949073 2853461671 3149741020 1182452919 1247921301 4197341507 3679560579 3414745983 555723594 1084129995 885692400 2896305449 1560036832 1502937635 2770899297 359733725 890391166 2685008795 3622377122 2168736170 2050683371 1663043772 3251574041 1459321020 789176105 3685436370 3769221859 3073687766 1709813783 754884655 3536004245 862207581 4168596630 409302934 659604699 1576505859 2434414284 1567404470 1136178827 694703524 2536973016 3399922042 865678238 683445661 2105203355 436760568 3718383046 853991310 567453081 4217248406 3918430489 3461214866 2881990225 482733749 3572525134 1796357990 482161718 1310522014 2173494525 1741539324 1626455749 1763086801 3033910244 3960026984 640523969 1936411385 4042383993 298823163 710194944 2953654345 430972138 1527663555 3460298742 548614347 2893229071 2448608276 3795432179 3855114453 2108031221 295683618 3639799096 1867322006 3418576424 948891262 3471984842 2329426477 2970299221 276579198 191171137 3940323983 3805316285 4051882587 1768335929 3743243496 635796556 1151616091 3022271461 2428053072 1330633925 3839677418 3211278953 1775114454 4249278243 850136598 1813688210 1267582254 4008759835 4010435972 2019439212 3753452403 3515960237 1074484836 3771825112 927579694 1519347131 1812992551 2181158452 2939088289 4294670361 295916596 2305315319 4186947978 3454331049 1881491398 565050161 3912464170 1464798469 2071053010 4293577731 1484440773 516351155 1893947162 3356655522 1460396397 3147505839 1299845849 745258798 1708331796 282219564 498615637 2619844461 187712539 81962931 668987929 1592413773 2792494935 1184348150 3803097287 130050059 1711316584 2798843864 1313428113 2506025358 1292633369 836859876 873199823 2000234091 3167473040 1077659464 1624240325 2896408850 1112089619 3223836786 3712191576 3546238761 2205435867 1287745752 3547347477 1913121909 270