39.4 0.0003
39.5 0.0002
39.6 0.0016
39.7 0.0016
39.8 0.0049
39.9 0.0078
40 0.0171
40.1 0.0332
40.2 0.0631
40.3 0.0983
40.4 0.1961
40.5 0.2905
40.6 0.4769
40.7 0.7348
40.8 1.0849
40.9 1.6334
41 2.3017
41.1 3.2488
41.2 4.3983
41.3 5.8852
41.4 7.495
41.5 9.4762
41.6 11.814
41.7 14.4338
41.8 16.9213
41.9 19.9359
42 22.6311
42.1 25.8525
42.2 28.6248
42.3 31.3142
42.4 33.907
42.5 36.3915
42.6 38.2239
42.7 40.1705
42.8 41.2267
42.9 42.2276
43 42.585
43.1 42.5378
43.2 42.7213
43.3 42.0947
43.4 41.1791
43.5 40.2139
43.6 38.7571
43.7 37.7039
43.8 36.1289
43.9 34.4621
44 32.7248
44.1 31.0937
44.2 29.237
44.3 27.586
44.4 25.9603
44.5 24.694
44.6 23.0993
44.7 21.9476
44.8 20.9776
44.9 19.5778
45 18.6361
45.1 17.3976
45.2 16.5493
45.3 15.7467
45.4 15.001
45.5 14.278
45.6 13.531
45.7 12.9078
45.8 12.3249
45.9 11.6785
46 11.2121
46.1 10.7029
46.2 10.2864
46.3 9.9134
46.4 9.4356
46.5 9.0391
46.6 8.6422
46.7 8.335
46.8 7.9713
46.9 7.6638
47 7.4284
47.1 7.1331
47.2 6.8934
47.3 6.6482
47.4 6.3689
47.5 6.1329
47.6 5.9264
47.7 5.7234
47.8 5.5362
47.9 5.4137
48 5.1601
48.1 4.9994
48.2 4.8813
48.3 4.736
48.4 4.5608
48.5 4.4358
48.6 4.3467
48.7 4.1469
48.8 4.0668
48.9 3.9287
49 3.8174
49.1 3.7416
49.2 3.6541
49.3 3.547
49.4 3.4855
49.5 3.355
49.6 3.276
49.7 3.177
49.8 3.1101
49.9 3.0567
50 2.9864
50.1 2.8985
50.2 2.8386
50.3 2.7896
50.4 2.7164
50.5 2.6346
50.6 2.5873
50.7 2.5192
50.8 2.4816
50.9 2.4065
51 2.3773
51.1 2.3513
51.2 2.3058
51.3 2.2508
51.4 2.2353
51.5 2.2033
51.6 2.1296
51.7 2.0857
51.8 2.0685
51.9 1.9994
52 1.9764
52.1 1.9711
52.2 1.9371
52.3 1.8946
52.4 1.8709
52.5 1.8053
52.6 1.8167
52.7 1.7733
52.8 1.7521
52.9 1.7364
53 1.6599
53.1 1.6596
53.2 1.6709
53.3 1.63
53.4 1.5858
53.5 1.6084
53.6 1.5692
53.7 1.5635
53.8 1.5474
53.9 1.4999
54 1.4795
54.1 1.4741
54.2 1.4804
54.3 1.4538
54.4 1.4319
54.5 1.4068
54.6 1.4054
54.7 1.3782
54.8 1.3468
54.9 1.3464
55 1.3434
55.1 1.3216
55.2 1.3099
55.3 1.2993
55.4 1.3021
55.5 1.2976
55.6 1.2667
55.7 1.27
55.8 1.2344
55.9 1.2304
56 1.2181
56.1 1.2178
56.2 1.1768
56.3 1.2015
56.4 1.1764
56.5 1.154
56.6 1.1731
56.7 1.1632
56.8 1.1596
56.9 1.1376
57 1.1262
57.1 1.1272
57.2 1.1157
57.3 1.0928
57.4 1.1099
57.5 1.1003
57.6 1.0895
57.7 1.0867
57.8 1.087
57.9 1.0689
58 1.0618
58.1 1.0665
58.2 1.0566
58.3 1.0556
58.4 1.0556
58.5 1.041
58.6 1.0542
58.7 1.0307
58.8 1.022
58.9 1.0228
59 1.0134
59.1 1.0151
59.2 0.9904
59.3 0.9759
59.4 0.9939
59.5 0.9918
59.6 0.993
59.7 0.9837
59.8 0.9766
59.9 0.9592
60 0.9476
60.1 0.9716
60.2 0.9711
60.3 0.9267
60.4 0.9759
60.5 0.9451
60.6 0.9599
60.7 0.9355
60.8 0.9452
60.9 0.9486
61 0.9322
61.1 0.9544
61.2 0.9386
61.3 0.9477
61.4 0.9194
61.5 0.9042
61.6 0.9203
61.7 0.9168
61.8 0.9146
61.9 0.9146
62 0.9129
62.1 0.9219
62.2 0.8991
62.3 0.9276
62.4 0.8976
62.5 0.9328
62.6 0.9021
62.7 0.9151
62.8 0.9041
62.9 0.9128
63 0.912
63.1 0.8708
63.2 0.8736
63.3 0.9137
63.4 0.8706
63.5 0.9021
63.6 0.9134
63.7 0.876
63.8 0.8938
63.9 0.9058
64 0.898
64.1 0.8873
64.2 0.8783
64.3 0.8784
64.4 0.888
64.5 0.8797
64.6 0.9
64.7 0.8799
64.8 0.8657
64.9 0.8643
65 0.8697
65.1 0.879
65.2 0.8885
65.3 0.869
65.4 0.8876
65.5 0.8915
65.6 0.8563
65.7 0.8761
65.8 0.8927
65.9 0.8795
66 0.869
66.1 0.8688
66.2 0.8742
66.3 0.8716
66.4 0.8725
66.5 0.8731
66.6 0.8653
66.7 0.8602
66.8 0.8779
66.9 0.8568
67 0.8836
67.1 0.8666
67.2 0.86
67.3 0.8751
67.4 0.8762
67.5 0.8873
67.6 0.8816
67.7 0.8507
67.8 0.8882
67.9 0.8479
68 0.8926
68.1 0.8716
68.2 0.8747
68.3 0.8648
68.4 0.8579
68.5 0.875
68.6 0.888
68.7 0.8604
68.8 0.8797
68.9 0.8845
69 0.8639
69.1 0.8762
69.2 0.8821
69.3 0.8917
69.4 0.8933
69.5 0.8798
69.6 0.8814
69.7 0.8762
69.8 0.8717
69.9 0.8686
70 0.8739
70.1 0.8656
70.2 0.8706
70.3 0.8763
70.4 0.8649
70.5 0.8618
70.6 0.8886
70.7 0.8832
70.8 0.8719
70.9 0.8649
71 0.8663
71.1 0.8858
71.2 0.8562
71.3 0.8779
71.4 0.8954
71.5 0.8691
71.6 0.8802
71.7 0.8758
71.8 0.8694
71.9 0.8673
72 0.8803
72.1 0.8821
72.2 0.8825
72.3 0.8703
72.4 0.8791
72.5 0.8647
72.6 0.8671
72.7 0.8851
72.8 0.8768
72.9 0.8747
73 0.8937
73.1 0.8791
73.2 0.8618
73.3 0.8712
73.4 0.8852
73.5 0.9065
73.6 0.8816
73.7 0.8949
73.8 0.876
73.9 0.8874
74 0.8776
74.1 0.8907
74.2 0.9019
74.3 0.9026
74.4 0.8896
74.5 0.8899
74.6 0.8971
74.7 0.8812
74.8 0.9005
74.9 0.8901
75 0.895
75.1 0.8966
75.2 0.8916
75.3 0.8954
75.4 0.8872
75.5 0.8853
75.6 0.8933
75.7 0.9005
75.8 0.883
75.9 0.9221
76 0.9036
76.1 0.8996
76.2 0.913
76.3 0.8906
76.4 0.9118
76.5 0.8993
76.6 0.8831
76.7 0.9011
76.8 0.9002
76.9 0.9016
77 0.9021
77.1 0.9013
77.2 0.9098
77.3 0.9155
77.4 0.9364
77.5 0.9017
77.6 0.9295
77.7 0.9253
77.8 0.9201
77.9 0.9107
78 0.9098
78.1 0.9034
78.2 0.9241
78.3 0.8888
78.4 0.9355
78.5 0.9096
78.6 0.9477
78.7 0.9259
78.8 0.9278
78.9 0.9369
79 0.9154
79.1 0.9352
79.2 0.9324
79.3 0.9396
79.4 0.9562
79.5 0.9211
79.6 0.9421
79.7 0.9255
79.8 0.9326
79.9 0.9452
80 0.9331
80.1 0.9534
80.2 0.9409
80.3 0.9328
80.4 0.9374
80.5 0.9446
80.6 0.9127
80.7 0.9331
80.8 0.9412
80.9 0.9163
81 0.943
81.1 0.9479
81.2 0.9363
81.3 0.9384
81.4 0.9074
81.5 0.9239
81.6 0.956
81.7 0.9523
81.8 0.9539
81.9 0.9529
82 0.9428
82.1 0.969
82.2 0.9575
82.3 0.9438
82.4 0.9437
82.5 0.9371
82.6 0.9575
82.7 0.9388
82.8 0.9568
82.9 0.9432
83 0.9358
83.1 0.9539
83.2 0.956
83.3 0.9756
83.4 0.9694
83.5 0.9459
83.6 0.9823
83.7 0.9754
83.8 0.9537
83.9 0.9459
84 0.9599
84.1 0.9722
84.2 0.9634
84.3 0.9706
84.4 0.9521
84.5 0.9593
84.6 0.9721
84.7 0.9486
84.8 0.9636
84.9 0.9686
85 0.9742
85.1 0.9573
85.2 0.9543
85.3 0.9567
85.4 0.9646
85.5 0.9523
85.6 0.9686
85.7 0.9839
85.8 0.9698
85.9 0.9683
86 0.9659
86.1 0.9894
86.2 0.9664
86.3 0.9814
86.4 0.9808
86.5 0.9736
86.6 0.9723
86.7 0.9669
86.8 0.9941
86.9 0.9557
87 0.9897
87.1 0.9671
87.2 0.9775
87.3 0.97
87.4 0.984
87.5 0.9794
87.6 0.9798
87.7 0.9684
87.8 0.987
87.9 0.9865
88 0.9809
88.1 0.9774
88.2 0.9854
88.3 0.9754
88.4 0.9863
88.5 0.9728
88.6 0.9758
88.7 0.9936
88.8 0.9899
88.9 0.9886
89 0.9834
89.1 0.9791
89.2 0.9998
89.3 0.9716
89.4 1.0002
89.5 0.9717
89.6 0.9735
89.7 0.9934
89.8 0.9629
89.9 0.9741
90 0.9835
90.1 0.9759
90.2 0.9783
90.3 0.9717
90.4 1.0002
90.5 0.9931
90.6 0.9967
90.7 1.0018
90.8 1.0032
90.9 1.0052
91 0.9938
91.1 1.0101
91.2 0.9973
91.3 0.9859
91.4 1.0045
91.5 0.9943
91.6 0.9945
91.7 1.0116
91.8 0.9983
91.9 0.9997
92 1.0118
92.1 1.0039
92.2 1.0082
92.3 0.9979
92.4 0.9846
92.5 0.9947
92.6 0.9986
92.7 0.9938
92.8 0.9735
92.9 1.0063
93 1.0172
93.1 0.9806
93.2 1.0153
93.3 1.002
93.4 0.9889
93.5 0.994
93.6 1.0249
93.7 1.0045
93.8 0.9974
93.9 0.9994
94 0.9965
94.1 0.9924
94.2 1.0097
94.3 0.9974
94.4 1.0154
94.5 0.9894
94.6 1.0138
94.7 1.0233
94.8 1.0001
94.9 1.0299
95 0.9907
95.1 0.9991
95.2 1.0128
95.3 0.9704
95.4 1.0013
95.5 1.0097
95.6 1.012
95.7 0.9771
95.8 1.0007
95.9 1.0068
96 0.9886
96.1 1.011
96.2 0.9834
96.3 1.0236
96.4 1.0414
96.5 1.0109
96.6 1.0296
96.7 1.015
96.8 0.9891
96.9 1.0071
97 1.0051
97.1 0.9719
97.2 1.0329
97.3 1.0232
97.4 1.0134
97.5 1.0142
97.6 0.9769
97.7 1.003
97.8 0.9887
97.9 1.026
98 1.0161
98.1 1.0061
98.2 1.0135
98.3 0.9903
98.4 1.0095
98.5 0.9971
98.6 1.0032
98.7 1.0157
98.8 1.0167
98.9 1.0025
99 0.5277
