1900663.555421825
172
-1.81739062420723 5.590588670394142 6.149083618815633 1 2 0.001 7 0
-3.095888863040838  14.14676141462501  39.04755297720116 -1 2 0.001 4 0
8.879012635701416 4.087651329282632 7.812246897276973 1 2 0.001 7 0
2.596904487599925  14.1292915930879  11.3457076637252 1 2 0.001 7 0
-9.411950670038392  11.21597764894986  11.63685475025492 1 2 0.001 7 0
0.7522995025735291 -5.031315573101468  5.918641012951324 1 2 0.001 7 0
 17.82563048085964 -4.018226084013893   33.3897026224587 -1 2 0.001 4 0
  -10.5515030166895 -0.6260148973796222   8.282245988858131 1 2 0.001 7 0
-1.844604994910501 -19.16060716414134  19.83335287365772 -1 2 0.001 4 0
15.87215642191968 6.764418872588678 15.14126072893764 1 2 0.001 7 0
-12.65693673854122  15.45985385080111  26.12052120589615 -1 2 0.001 4 0
7.880682393278254 17.82577751148284 29.72553446646904 -1 2 0.001 4 0
 19.83164784121852 -1.266788270561992  23.00396421977203 -1 2 0.001 4 0
16.64086367785012 -9.10072426110888 31.60103281431515 1 2 0.001 7 0
-16.88564405462304   10.7218083140182  25.13401597703701 1 2 0.001 7 0
-15.87216912681993 -6.764402568828563  35.37957094355919 1 2 0.001 7 0
-18.48900978121182 -5.905502191151896  20.42707365408362 -1 2 0.001 4 0
 10.50101842294607 -5.563372325472065  41.34870323396137 -1 2 0.001 4 0
 12.1991917053233 15.73416472254716 23.31950093680313 1 2 0.001 7 0
14.32123074871617 13.06679526444757 30.17719176335439 -1 2 0.001 4 0
17.47496789692229 6.344563959881274 32.63571539517023 -1 2 0.001 4 0
19.13961831358581 5.364853980917798  27.4670945474199 1 2 0.001 7 0
15.93826054870632 11.39027277801127 21.21626577668437 -1 2 0.001 4 0
5.467537634706317 17.86273679679224  18.1159259043567 -1 2 0.001 4 0
15.31794905395698 2.117426093701931 12.57576746124672 -1 2 0.001 4 0
-1.949776944130563  19.24473824396225  20.17594727771663 1 2 0.001 7 0
-13.36228232398988  13.29464211932446  18.57275276591806 -1 2 0.001 4 0
-8.607769363018571  16.17852358216363  33.26902389544327 1 2 0.001 7 0
0.6030082694200042  18.41304000418597  33.04564765307065 -1 2 0.001 4 0
-4.712224219783755   19.4381482030684  25.53424536545312 -1 2 0.001 4 0
6.411143795304763 14.53992480810125 37.39778084160899 1 2 0.001 7 0
4.410076699274546 2.293704606405738 5.889627410336457 1 2 0.001 7 0
 9.838697244373705 -9.481242082496156  10.65622369607543 1 2 0.001 7 0
2.575078002396122 -12.1808768817004 9.606496408051882 -1 2 0.001 4 0
12.32940551852353 2.229631439974122 40.84977297758124 1 2 0.001 7 0
8.720082313250211 9.612482789559644 40.47186445702079 -1 2 0.001 4 0
1.461483116532119 7.142293920877479 43.88178287752321 1 2 0.001 7 0
2.884235472266678  1.35591213898535 44.99838066940026 -1 2 0.001 4 0
-16.07623387717774 0.9223595403264468  37.12440093401019 -1 2 0.001 4 0
-13.42469720513714  12.55933401983016  33.13639691435105 -1 2 0.001 4 0
-8.24726625010898 7.226504993951288 8.536255279663893 1 2 0.001 7 0
-15.14886909904639 -5.273527252294543   13.3125421824954 -1 2 0.001 4 0
0.3407278710597627 -19.84689249089228  27.69397811310923 1 2 0.001 7 0
 3.828498654240724 -16.77490177344205  15.06435261208214 1 2 0.001 7 0
  6.16674387845695 -18.76715864462648  22.11611209257702 -1 2 0.001 4 0
-3.629502223544068 -15.68267011343843  37.13198912956484 1 2 0.001 7 0
-5.467537654501212 -17.86273679267799   32.4049131444918 -1 2 0.001 4 0
 6.121746410305057 -17.48562428450521  32.79475926963062 -1 2 0.001 4 0
 13.36229797008226 -13.29463686448947  31.94807297842741 -1 2 0.001 4 0
8.519762280580261 -13.6579201564214 37.12903270283567 1 2 0.001 7 0
 1.608294683014042 -11.91363945860098  41.24676146941363 -1 2 0.001 4 0
-2.063315710107022 -7.747153778819537  43.58491477522561 1 2 0.001 7 0
-6.333353034358461 -4.605513026354036  43.66398785594622 -1 2 0.001 4 0
-10.31026738755645  -11.0611818546635  38.35007300089756 -1 2 0.001 4 0
-11.72243999141865 -16.16281036711234  24.10975698058662 -1 2 0.001 4 0
-17.48347259040003 -9.550232356888143  27.06133023769288 -1 2 0.001 4 0
-10.11275055837996 -11.12919169497842  12.07225983569401 1 2 0.001 7 0
-8.077645561805097 -15.55427772749202  15.61970536988234 -1 2 0.001 4 0
 16.08793452921446 -11.62443638486748  22.78344823840568 -1 2 0.001 4 0
 17.23057094996622 -5.407556562373668  16.66098336852428 1 2 0.001 7 0
 13.85318486927884 -10.22800938076496  15.08852302629478 -1 2 0.001 4 0
-13.02013278885255  2.525590157554015  40.22821766928189 1 2 0.001 7 0
 -8.8337795741775 4.256375879276236 42.69514447154751 -1 2 0.001 4 0
-19.26850119896235  2.154619816700741  30.17641598311798 -1 2 0.001 4 0
-18.63517194275711  5.000754245926773  20.00434755903824 -1 2 0.001 4 0
-19.97462010189183 0.4569969723117903  24.36817989859516 1 2 0.001 7 0
-9.89990089499596e-09 2.066485197756471e-09      25.2604195244148 0 20 1000000 3 0
-19.53678051174907  1.900028719985417 -29.06894291219836 1 2 0.001 7 0
 10.50348754322862  16.94644694923053 -23.74545443594765 -1 2 0.001 4 0
-15.05890570681264 -1.907337207171196 -38.28255118304813 1 2 0.001 7 0
 -14.6190400647702  9.900797832490483 -34.65498559955471 1 2 0.001 7 0
-16.94829253059798  10.25845702091066 -22.52108969529154 1 2 0.001 7 0
-17.66108602688787   -8.8471944577099 -28.39054401140301 1 2 0.001 7 0
 12.80437651469216 -6.697281202105347 -39.08716366820018 -1 2 0.001 4 0
-18.82872576140846 -1.328742140814408 -18.64997184498754 1 2 0.001 7 0
-3.042046003289812 -18.74799229379916 -18.99597797579889 -1 2 0.001 4 0
-6.649758058922925 0.3223206526447945 -44.12193898524646 1 2 0.001 7 0
-4.459782106394866  18.01612403156222 -17.81229752139833 -1 2 0.001 4 0
 3.814047004850122  15.75619933709551 -36.96494765639353 -1 2 0.001 4 0
 2.976225546715985 -6.697394817729602 -43.86895479684248 -1 2 0.001 4 0
 11.48872667178033 -11.56375660305283 -36.84634184507216 1 2 0.001 7 0
-5.815897398355236  14.41135666411701 -12.66731577391159 1 2 0.001 7 0
  6.649745500791989 -0.3223035016255943  -6.398894579403839 1 2 0.001 7 0
-8.453921157328271 -1.856698003913875 -7.228127389134103 -1 2 0.001 4 0
 18.80993303712751 -4.692177645212054 -30.18233576293913 -1 2 0.001 4 0
-0.9582539585132899   11.38865598158142  -41.67783858160483 1 2 0.001 7 0
  6.51061453391112  9.707449759443412 -41.48973732756331 -1 2 0.001 4 0
 10.57623677970187  3.042065847450889 -41.96107926370233 -1 2 0.001 4 0
 6.173305081183077 0.6506179929523546 -44.27207552888339 1 2 0.001 7 0
-1.443576573816054  5.904976368943474 -44.31741260885545 -1 2 0.001 4 0
-7.922241008567182  14.06601325249792 -37.06721811027425 -1 2 0.001 4 0
-8.611636047405787 -4.449114931705441 -42.75523469280213 -1 2 0.001 4 0
 -7.99411436427495  17.67499557019491 -30.12890041277267 1 2 0.001 7 0
-11.57419468155644  14.62685102621758  -18.0412622919155 -1 2 0.001 4 0
 3.307105647368998   19.1061254037903 -20.36194160423825 1 2 0.001 7 0
 5.093574416078192  18.83179543050902 -29.66864121174653 -1 2 0.001 4 0
 -3.57669297528229  19.64014953639325 -26.52273362220676 -1 2 0.001 4 0
 11.24894051330154  14.56766825879657 -33.07528333745596 1 2 0.001 7 0
-17.77514312571764 -2.854803576653266 -33.96856686423869 1 2 0.001 7 0
-10.23654882415443 -14.41315221300092 -34.61192015597811 1 2 0.001 7 0
-12.69202650924525  -15.3305593296601  -27.2444841405792 -1 2 0.001 4 0
 17.72341530819178  2.113539799335414 -34.28410705714651 1 2 0.001 7 0
15.44747025734523 9.938863037264712 -33.1612031220044 -1 2 0.001 4 0
 17.23612411311825  10.13568884942455 -24.96494690566603 1 2 0.001 7 0
 19.45415722319643  4.525467140300126 -24.36580542201728 -1 2 0.001 4 0
 7.219353740767612  7.351960567141666 -8.117499623126063 -1 2 0.001 4 0
 2.469025105039135   16.8813267834854 -14.82417951617384 -1 2 0.001 4 0
-19.08259842987749  5.563923596020256 -23.06163866700901 1 2 0.001 7 0
-14.52284271936573 -3.541902289486245 -11.97162480665427 -1 2 0.001 4 0
 5.132889667461448 -18.36935180566379  -19.2472837653542 1 2 0.001 7 0
-6.518715446002136 -18.89524247407531 -25.96090049442665 1 2 0.001 7 0
 1.097930091620368 -19.95376406323065   -26.134200060724 -1 2 0.001 4 0
  12.6147915523857 -11.51909126673802 -14.85699884368697 1 2 0.001 7 0
 7.922240926234531 -14.06601325971603 -13.45362101761182 -1 2 0.001 4 0
 11.14609163954899 -16.57871421517155 -24.31174329849365 -1 2 0.001 4 0
 11.57418505196907 -14.62685273218234 -32.47959570299408 -1 2 0.001 4 0
 15.37697262445686 -12.69488811331065 -26.80237898083038 1 2 0.001 7 0
 17.35436578529976 -8.457337428641868 -20.02744944743189 -1 2 0.001 4 0
 18.10600227487394 -3.111295178216381  -17.3512279460825 1 2 0.001 7 0
 16.68283250506581 0.9624438724719492 -14.27086824738949 -1 2 0.001 4 0
 11.47721924433177 -5.202891492740799 -9.730006072190454 -1 2 0.001 4 0
-1.826800760213905 -12.53823513821534 -9.786844628523195 -1 2 0.001 4 0
-1.345047165998819  -4.22339151803189 -5.754629568972655 -1 2 0.001 4 0
-13.64950067332429 -10.61162226949458 -15.20364111162083 1 2 0.001 7 0
 -9.13457566739457 -14.60023194663975 -15.08593981810937 -1 2 0.001 4 0
 3.244490612063465 -15.58672962426451 -37.36875082526379 -1 2 0.001 4 0
-3.187878226905476 -11.23038451686248 -41.50235424419785 1 2 0.001 7 0
-4.881158019851061 -15.24770108823299 -37.24675737086051 -1 2 0.001 4 0
  10.7400238622219  8.716385710506744 -10.81694521884582 1 2 0.001 7 0
 13.91582836084985  9.785649842379222 -14.73840416968028 -1 2 0.001 4 0
-0.4076944961901163   7.929753051765056   -6.90184261713428 -1 2 0.001 4 0
-10.38771523083085  8.411428502810461 -10.38605530524857 -1 2 0.001 4 0
 -5.91904741698822  5.333425635560777 -6.916215173609244 1 2 0.001 7 0
-4.117057731015595e-08 -3.603914279412815e-09     -25.26041956394521 0 20 1000000 3 0
19.16988872637955 41.54549304145073  82.9482677557765 -1 2 0.001 1 0
  11.8319927488126  10.93810995775799 -61.64349399581432 -1 2 0.001 1 0
-21.44146122773893 -20.73894329286674  -16.9991216418176 -1 2 0.001 1 0
-24.62421964387298   36.4755904951927 -38.30700581679802 -1 2 0.001 1 0
-31.13684915005514  40.14807152092951 -10.13103787368309 -1 2 0.001 1 0
0.1354684242389954 -37.95540179709353 -94.58504127793209 -1 2 0.001 1 0
 20.69672633894498 -31.39367769542471  12.79164953358012 -1 2 0.001 1 0
 -41.6743006225911 -21.03650630537344  40.03212165939657 -1 2 0.001 1 0
-23.97119566809937  18.87954132030052  16.84583515365026 -1 2 0.001 1 0
 15.12615076890121  52.32578586379722 -23.82584278203515 -1 2 0.001 1 0
 35.55699912038872  35.38622116394157 -69.75669365844105 -1 2 0.001 1 0
 33.78317391891098 -40.67939265225336 -50.74900411213908 1 2 0.001 5 0
 20.25377895292618 -33.49670819111197  38.00116336779038 1 2 0.001 5 0
 27.32933515063067 -33.09719638153747 -98.07343594341698 1 2 0.001 5 0
 14.68834918569344 -3.733168537951368  5.452720384072936 1 2 0.001 5 0
 1.887968161738929  31.06171529067186 -62.12588568984729 1 2 0.001 5 0
-19.96522125816259  10.09906780304485 0.5513177365810034 1 2 0.001 5 0
 25.5817308888154 32.47138510403134 1.431727234981529 1 2 0.001 5 0
-21.30856514836223 -6.844154916794883  30.90975246487048 1 2 0.001 5 0
 46.60069714450412 -1.523488248917719  13.71366740095869 1 2 0.001 5 0
 34.4788986317675 16.79847902586046  39.8847817636682 1 2 0.001 5 0
12.51793957533179 10.73813412625158 78.71813003121645 1 2 0.001 5 0
 13.55848246047097 -20.96817994207113 -49.34315711924279 1 2 0.001 5 0
 -2.35321041814732 -52.74909484360761  10.68670459377604 1 2 0.001 5 0
  27.96564565568212 -0.7653222567011042   19.05963048744388 1 2 0.001 5 0
 15.23280459268376 -26.70123718120868 -68.99976641153879 1 2 0.001 5 0
-39.85215775189441 -5.517474102751883  75.27399105903434 1 2 0.001 5 0
 4.623040539910125 -49.85345008137047 -89.59125059476213 1 2 0.001 5 0
-6.167442996732476  52.33572509244804  70.09630610537162 1 2 0.001 5 0
 2.727385070231891  20.35316447909365 -42.07082847940117 1 2 0.001 5 0
 19.14501497228374 -21.97845160125728  34.33357393146192 1 2 0.001 5 0
 0.100435836384559  8.456539338364736 -73.05671343975955 1 2 0.001 5 0
 10.10935428264587   52.2684757673639 -24.03609935623872 1 2 0.001 5 0
 54.74783212971339 -1.021249754500079 -61.04386762532806 1 2 0.001 5 0
-5.075292723381948 -30.29893327335268  16.71764211817203 1 2 0.001 5 0
-32.41408143356198  25.84981113246744 -70.71718920601451 1 2 0.001 5 0
-13.86948755637414 -36.65452656314329 -46.37613832920896 1 2 0.001 5 0
 27.53872731237472  31.77937725513916 -17.07672371144077 1 2 0.001 5 0
4
0 66 0 67 -6.358327733200003e-14 -1.358398106215664e-14      25.26041956449089
67 133 1 67 -3.411634883499669e-14  1.149483186353577e-15     -25.26041956449093
134 144 2 1 -10.98312419812875 -3.302112829689335 -5.835996485230794
145 171 3 1  3.083357056976904  6.919143774692209 -3.330558438741382
randomstate
1591919744 1755493592 3118720575 2872089596 2460903895 3375660508 4274650823 1875284799 393079703 3646480015 1267073360 3156295656 1052262490 1173611220 792366042 286799679 2295963239 1563628079 2668723027 635889511 739911088 4163308367 3643846705 1139405922 794652612 2499747899 1724583968 1757474540 3869363675 498449950 204739180 3407185413 551597296 1615312338 1126364423 2472001784 3831085573 194964356 4261679522 1080961882 1068199735 720050298 1317083779 1600118366 4142418925 686392383 2113814341 2472282351 1661097985 952466541 4035190798 4154019269 2549061120 2513082031 630387221 2876440359 3116913901 2715871564 694510043 980730039 280777342 1210016320 2801263931 393153907 3205246045 1320224173 434466114 2325082143 3186421693 3706952795 326196672 560176986 1940110383 3850167076 3561742316 1249862551 2166273734 484105164 2645346279 3587907844 1490156091 2995133264 531009647 1868122967 872572529 3895082891 1127254420 1291935027 2177407752 2541975643 2723747854 2885090808 3473573067 1058711253 1793592577 1418889577 2198129650 4103747260 885131278 2336449654 1332570101 2702337652 140740491 3679853552 914534630 2539827051 4101090622 2534931271 169085862 2770805487 471604726 3708717688 1833690999 367439446 1584461757 492603761 1463983389 3851426873 2526912553 481489779 3889520736 3220595437 2617769884 1058537023 3093032419 1491548579 633249644 2868021362 2995587448 3132574785 823220192 2926640882 3959319422 3710236002 3279966063 3132244712 3495763908 76714779 3076958656 1634230123 1622322073 2520968320 3464640772 1516070447 2102017701 96064842 3565291165 2425129695 1149780246 1342391867 1380153265 60286370 1699112346 3311505523 2708671977 3573399889 1886391669 1641605195 334710635 920874898 2325081502 2160773404 1967232141 3661675740 2915512551 1047607186 3943015593 3347990820 1797352938 770145560 1725811613 4176983065 582307451 1956941118 3924903432 1789263652 3437924142 1803471866 511425014 1616806058 3516289683 1274799711 4249645231 3261046169 3838350969 1322183334 1952059371 1499170074 1781606742 807126358 135796117 3291259343 3547253955 997116713 1697957041 1351093178 534160474 726167685 3038768133 155696078 2985914322 169187372 3876799961 3385650398 3503498477 1062244728 3553087041 1274585514 2366285681 393701559 3010623811 464242431 700955833 2470975801 2997552017 874337962 1704883273 2768896850 2106154962 2357329025 1011267465 1934736531 2811908341 2248915674 757124920 1604641544 1846610083 1720048162 3836726708 4167691511 3162075852 3260705601 3606940252 3141198874 1382857868 3141915068 1604728752 3520742038 1653795310 1043254852 751112361 1648985360 585768430 1142474125 1844540920 3721137390 531527581 2447368041 3911152882 3975464491 3468988 2868415327 3808083386 3973928123 4042369386 964624348 989688076 3687625867 3233267779 1521058200 1826116467 2860484954 2317865863 3218274888 1195476395 1009484031 3407288196 1029551488 4124997083 3051000487 700802413 387170723 160927914 2537727569 2290488468 4081730850 2265408621 969612164 3807197700 3632379586 3896870160 1185262368 783440645 2120610024 3854958104 1022421577 283807636 1966695459 2176074090 3436351347 1866318500 781719918 3113588889 738829120 246549514 3672801934 500895169 3740917553 2017697185 3182772572 3567949639 56684664 2762077773 4090968880 3692066723 2054021937 946333110 3697777505 3342455517 2369558637 2670725380 726155338 1885806040 426190455 1296017340 3846265212 2461834189 1672897132 3968561146 3051936757 1759739261 3678578238 4041037889 3204303172 2440860484 3422422744 907109340 1663764863 3823826393 1470941170 2096880061 2425032997 2202366202 1177123623 1403570216 4058235284 3838680328 3004883838 520667626 3289992338 2351392169 1387650232 1945448777 3007947435 2295548235 3682277077 878847661 3514073641 3734962106 372212568 3160929609 2415030197 1584440971 1474452103 1889886633 4125068144 2883288051 1498603605 1278457012 3068538265 2739082053 3154474231 3571322136 2219988548 3915866168 3405333558 455455931 1930718998 2074508514 191575790 657923044 1926708491 1995824363 4137783957 2015819626 1665429530 412018076 3754979589 3838941446 1861428012 2346816302 2819405386 2742625427 3080317052 1132793039 3885266467 2985843002 1853114699 2633194286 2978036712 2273705784 1856092354 3357979428 493401933 3895040599 1531812725 138492777 2264084150 3256070906 3373257193 2427080211 2147779513 3671242983 2577400175 4029939617 2665462357 3075908409 1907959787 3179224544 2331294689 1319203096 3709322625 682323113 1586280858 1525298512 1694979516 3476476227 3078053440 1830088798 3114991207 2800430813 3641647495 2615762969 3798777453 3975602608 397244168 4172574775 1103809722 1047608143 4281953167 1292541466 2902743300 1521438269 2983590147 957746637 2403604231 1630670230 2767446221 3518374688 2688791325 2110875998 2823297246 2271319738 930059690 2193505952 205086095 1642676288 2214664352 319302561 3953080108 569160000 2246528408 4017117845 3665181399 3785782196 3636040919 1321457445 2483183095 4171246029 2024203184 1265371679 3121424783 720015622 1153918502 2497721959 3944308880 436330789 2656668526 3650561982 3339707355 2080926884 2469885550 1467847194 1120092281 1238014914 1626853978 2120364218 941764940 1818900302 221212773 917204070 2857351579 2185326303 2277043420 1904074580 3554326390 350751903 377538187 2587825026 2767181990 282566793 901530703 1726101464 951071631 469814231 620832136 3941841167 2195506055 1139498321 2677276708 2517951582 2421580509 3468150752 3414902819 3310130005 731405661 3985051699 1975716940 4274221140 225613258 2168160934 4139264772 847806665 1287775434 2712483580 1434864233 2354064167 2763078152 2745172964 1300470137 2912649685 1481370812 3672154504 3686813495 2932785713 886431689 495726305 2712627789 1014198137 872147132 1290015216 2610902870 3720325080 1540036526 1928020264 1392216753 220262406 920792198 2039658414 1376380719 47095094 1119074023 205726728 2814651385 1073358583 2462405580 363714414 1758596305 3188150382 772421855 4014523743 1129745369 4286174184 1650804331 370432320 174106938 3668515979 104942256 2162367917 798053839 3524315282 3880853654 1063968330 1318107383 3634772590 3739853994 2771628180 547998569 2592386179 2593151910 677565346 3012560716 809712652 1042956875 1771809878 1197365723 1343536925 329074087 2659849839 2069104811 3063747080 1486089543 3530596556 3838080319 3990027006 1868332373 2892659849 1708582944 485811443 4173343203 1783506858 1260958507 2279500343 3689645264 1465797055 206058114 3689526319 2567307003 3703881015 800513204 2154630655 732104957 2175916071 2950680925 1580493010 3770609172 4263494375 419780981 3553608965 2961729096 2392720822 4103540091 1386331417 4128834699 1123421845 2390605148 2880308479 9073245 4187637825 3000314185 3015397611 3058362513 2802478707 1731221801 83