# Multipolar energy analysis (kT)
# r/AA             exact       total      ionion      iondip      dipdip     ionquad     mucorr
34.8               2.462       2.465       12.89      -2.819      -7.605  -6.583e-13     0.09738
35                 2.902       2.905       12.79      -4.567      -5.321   1.732e-12      0.2799
35.2               3.487       3.489       12.72      -5.228      -4.001  -9.794e-14    0.003519
35.4               3.194       3.198       12.66      -2.119      -7.343   1.198e-12      0.4821
35.6               3.687       3.689       12.59      -3.238      -5.665   1.298e-12      0.3142
35.8               3.549       3.552       12.52       -2.48      -6.488   3.673e-13      0.3358
36                 3.811       3.814       12.45      -2.897      -5.743   8.759e-13      0.2602
36.2               3.738        3.74       12.38       -2.63      -6.013   8.292e-13      0.3444
36.4               3.807        3.81       12.31      -2.775      -5.729   9.845e-13      0.2563
36.6               3.932       3.934       12.25      -2.845      -5.469   7.691e-13      0.2861
36.8               3.978        3.98       12.18      -2.936      -5.266   6.575e-13      0.2235
37                 4.001       4.004       12.12      -2.766      -5.347    7.94e-13      0.2768
37.2               4.146       4.148       12.05      -2.897      -5.007   7.574e-13      0.2177
37.4               4.261       4.263       11.99      -2.814       -4.91   7.606e-13      0.2379
37.6               4.313       4.315       11.92      -2.873      -4.735   7.093e-13      0.2475
37.8               4.353       4.355       11.86      -2.996      -4.509    6.98e-13      0.2129
38                 4.427       4.429        11.8      -2.944      -4.425   6.785e-13      0.2113
38.2               4.539       4.541       11.74      -2.953      -4.243   6.533e-13      0.1931
38.4               4.544       4.546       11.67      -2.947      -4.182   6.421e-13      0.1984
38.6                4.62       4.621       11.61      -2.981      -4.012   6.145e-13      0.1859
38.8               4.665       4.666       11.55      -2.955      -3.933   5.937e-13      0.1756
39                 4.734       4.735        11.5      -2.936      -3.824   5.766e-13       0.182
39.2               4.769        4.77       11.44      -2.961      -3.706   5.672e-13      0.1652
39.4               4.838       4.839       11.38      -2.951      -3.589   5.327e-13      0.1575
39.6               4.888       4.889       11.32      -2.962      -3.471   5.234e-13      0.1587
39.8               4.924       4.925       11.26      -2.996      -3.344   5.127e-13      0.1404
40                 4.972       4.973       11.21      -2.996       -3.24   4.783e-13      0.1314
40.2               5.028       5.029       11.15      -2.954       -3.17   4.643e-13      0.1284
40.4               5.061       5.062        11.1      -2.992      -3.044   4.635e-13      0.1196
40.6               5.109        5.11       11.04      -2.999      -2.933    4.46e-13      0.1162
40.8               5.137       5.138       10.99      -2.975      -2.876   4.337e-13      0.1105
41                 5.161       5.161       10.94      -3.012      -2.762   4.132e-13      0.1011
41.2               5.208       5.208       10.88      -2.968      -2.707   4.011e-13     0.09837
41.4               5.255       5.256       10.83      -2.962      -2.612     3.8e-13     0.08877
41.6               5.275       5.275       10.78       -2.97      -2.533   3.782e-13     0.08976
41.8               5.301       5.301       10.73       -2.96      -2.465   3.751e-13     0.08259
42                 5.324       5.325       10.68      -2.923      -2.428   3.597e-13     0.08343
42.2               5.382       5.382       10.62      -2.931      -2.312    3.47e-13     0.07784
42.4               5.396       5.397       10.57       -2.93      -2.247   3.421e-13     0.07334
42.6               5.424       5.424       10.53      -2.908      -2.193   3.288e-13      0.0677
42.8               5.439        5.44       10.48        -2.9      -2.136   3.185e-13     0.05861
43                 5.475       5.476       10.43      -2.871       -2.08   3.066e-13     0.06345
43.2               5.502       5.502       10.38      -2.899      -1.978   3.005e-13     0.05484
43.4               5.542       5.542       10.33      -2.851      -1.938   2.954e-13     0.05587
43.6               5.551       5.552       10.28       -2.84      -1.892    2.85e-13     0.04984
43.8               5.579       5.579       10.24      -2.807       -1.85   2.725e-13      0.0502
44                 5.593       5.593       10.19      -2.828      -1.769   2.608e-13     0.04242
44.2               5.623       5.624       10.14      -2.793      -1.727   2.572e-13     0.04103
44.4               5.629        5.63        10.1      -2.779       -1.69   2.574e-13     0.03893
44.6               5.659        5.66       10.05      -2.757      -1.636   2.384e-13     0.03504
44.8               5.685       5.685       10.01      -2.737      -1.587   2.291e-13     0.03303
45                 5.686       5.686       9.964      -2.742      -1.535   2.193e-13     0.02657
45.2               5.733       5.734        9.92       -2.69      -1.496   2.233e-13     0.02514
45.4               5.722       5.722       9.876      -2.692      -1.461   2.196e-13     0.02232
45.6                5.75       5.751       9.833      -2.638      -1.444   2.102e-13     0.03029
45.8               5.754       5.754        9.79      -2.685       -1.35   2.028e-13      0.0179
46                 5.777       5.778       9.747      -2.634      -1.336   2.017e-13     0.02071
46.2               5.792       5.792       9.705      -2.616      -1.297   1.921e-13     0.01713
46.4               5.809       5.809       9.663      -2.593      -1.262   1.933e-13     0.02206
46.6               5.809       5.809       9.622       -2.58      -1.232   1.808e-13      0.0167
46.8               5.838       5.839        9.58      -2.525      -1.216    1.81e-13     0.01566
47                 5.841       5.841        9.54      -2.526      -1.172    1.63e-13    0.009973
47.2               5.848       5.848       9.499      -2.515      -1.136   1.656e-13     0.01014
47.4               5.865       5.865       9.459      -2.495      -1.099   1.647e-13    0.009588
47.6               5.887       5.887        9.42       -2.46      -1.072   1.605e-13     0.01042
47.8               5.894       5.895        9.38      -2.441      -1.044   1.529e-13    0.002781
48                 5.893       5.893       9.341      -2.437      -1.011   1.405e-13    0.005111
48.2               5.908       5.909       9.302      -2.411      -0.983   1.473e-13    0.001681
48.4               5.921       5.921       9.264      -2.374      -0.969   1.435e-13    0.009111
48.6                5.93       5.931       9.226      -2.359     -0.9356   1.353e-13   -0.001334
48.8               5.936       5.936       9.188       -2.35     -0.9018   1.407e-13    -0.00193
49                 5.952       5.952        9.15       -2.31     -0.8884   1.273e-13  -0.0009039
49.2               5.959       5.959       9.113      -2.278     -0.8756   1.229e-13  -0.0003689
49.4               5.978       5.978       9.076      -2.238      -0.861   1.256e-13    0.006223
49.6               5.981       5.981        9.04      -2.247      -0.811   1.133e-13   0.0006213
49.8               5.987       5.987       9.003       -2.23     -0.7864   1.064e-13   -0.005231
50                 5.997       5.997       8.967      -2.192     -0.7785   1.163e-13  -0.0001911
50.2               5.989       5.989       8.932      -2.166     -0.7764   1.123e-13   -0.002176
50.4                   6           6       8.896      -2.132     -0.7646   1.055e-13  -0.0001749
50.6               6.005       6.005       8.861      -2.129     -0.7276   1.055e-13    0.003497
50.8               6.018       6.018       8.826      -2.098     -0.7103   1.112e-13   -0.000484
51                 6.014       6.014       8.791      -2.082     -0.6948   1.047e-13    0.002824
51.2               6.002       6.002       8.757      -2.082     -0.6734   8.806e-14    -0.01003
51.4               6.008       6.008       8.723      -2.059     -0.6556   9.461e-14   -0.005512
51.6               6.038       6.038       8.689      -1.996      -0.655   9.655e-14     0.00532
51.8               6.025       6.025       8.656      -2.005     -0.6254   8.889e-14   -0.005016
52                 6.029        6.03       8.622      -1.991      -0.602    8.94e-14    -0.00527
52.2               6.025       6.025       8.589       -1.97     -0.5945   8.773e-14   -0.006472
52.4               6.045       6.046       8.556      -1.924     -0.5865   7.499e-14   -0.004716
52.6               6.028       6.028       8.524      -1.931      -0.565   8.763e-14   -0.004897
52.8               6.037       6.038       8.492      -1.897     -0.5573   8.282e-14   -0.006598
53                 6.049       6.049        8.46      -1.873     -0.5383   7.068e-14   -0.007597
53.2               6.042       6.042       8.428      -1.847     -0.5394   7.364e-14   -0.009509
53.4               6.044       6.044       8.396      -1.835     -0.5167   7.506e-14   -0.006919
53.6                6.05        6.05       8.365      -1.826     -0.4894   7.526e-14   -0.005426
53.8               6.049       6.049       8.334      -1.791     -0.4938   6.839e-14   -0.004452
54                 6.074       6.074       8.303      -1.762     -0.4677   7.085e-14   0.0009394
54.2               6.054       6.054       8.272      -1.746     -0.4725   6.601e-14   -0.004192
54.4               6.069       6.069       8.242      -1.701     -0.4717   6.739e-14    0.004223
54.6               6.058       6.058       8.212       -1.71     -0.4446   6.316e-14   -0.007274
54.8               6.065       6.066       8.182      -1.673      -0.443   5.984e-14   -0.006431
55                 6.054       6.055       8.152      -1.669     -0.4285   5.757e-14   -0.006993
55.2               6.075       6.075       8.123      -1.628     -0.4201   5.926e-14   -0.003202
55.4               6.053       6.053       8.093      -1.616     -0.4245   5.106e-14   -0.004273
55.6               6.049       6.049       8.064      -1.614     -0.4005    5.75e-14    -0.01017
55.8               6.054       6.054       8.035      -1.583     -0.3985   5.556e-14   -0.001595
56                 6.068       6.068       8.006       -1.55     -0.3887   4.995e-14   -0.003278
56.2               6.047       6.047       7.978      -1.552     -0.3789    4.88e-14  -0.0002276
56.4               6.071       6.071        7.95      -1.515     -0.3632   4.433e-14   -0.004607
56.6               6.063       6.063       7.922      -1.495     -0.3636   5.344e-14   -0.001909
56.8               6.056       6.056       7.894       -1.47     -0.3683   4.595e-14    -0.00369
57                 6.056       6.056       7.866      -1.449     -0.3608   4.255e-14   -0.001673
57.2               6.045       6.045       7.839      -1.461     -0.3333   4.342e-14    -0.00404
57.4                6.06        6.06       7.811      -1.414     -0.3373   4.952e-14    0.008095
57.6               6.056       6.056       7.784      -1.396     -0.3319   3.603e-14   -0.001828
57.8                6.05        6.05       7.757      -1.396     -0.3112   4.172e-14   -0.007032
58                 6.046       6.046        7.73      -1.366     -0.3185   4.167e-14   -0.000268
58.2                6.05        6.05       7.704      -1.355     -0.2991   3.597e-14   -0.005052
58.4               6.041       6.041       7.678       -1.34     -0.2963   3.763e-14   0.0008546
58.6               6.048       6.048       7.651      -1.306     -0.2971   3.516e-14   0.0001647
58.8               6.043       6.043       7.625      -1.304     -0.2783   3.464e-14   -0.002953
59                 6.043       6.043       7.599      -1.276     -0.2796   3.602e-14    0.003364
59.2               6.038       6.038       7.574      -1.255     -0.2799   3.596e-14  -0.0002804
59.4                6.03        6.03       7.548      -1.252     -0.2664   3.466e-14    0.003955
59.6               6.031       6.031       7.523      -1.225     -0.2666   3.461e-14  -0.0005673
59.8               6.019       6.019       7.498      -1.211     -0.2675   2.989e-14    0.002947
60                 6.008       6.008       7.473      -1.213     -0.2517   2.816e-14   -0.003564
60.2               6.027       6.027       7.448      -1.164     -0.2569   3.067e-14   0.0006855
60.4               6.026       6.026       7.423      -1.153     -0.2448   3.016e-14   -0.002853
60.6               6.038       6.038       7.399      -1.119     -0.2423   2.401e-14    0.004193
60.8               6.027       6.027       7.374       -1.11     -0.2367   2.884e-14    0.006792
61                 6.016       6.016        7.35      -1.111     -0.2234   2.191e-14    0.002714
61.2               5.997       5.997       7.326      -1.096     -0.2331   2.479e-14    0.001603
61.4               5.982       5.982       7.302      -1.097     -0.2231   2.166e-14   0.0007761
61.6                5.97        5.97       7.279      -1.086     -0.2224   2.026e-14  -0.0003835
61.8               5.984       5.984       7.255      -1.055     -0.2162   2.695e-14    0.004757
62                 5.987       5.987       7.232      -1.033     -0.2122   2.428e-14    0.001499
62.2               5.992       5.992       7.208      -1.013     -0.2034   2.257e-14    0.002199
62.4               5.969       5.969       7.185      -1.011     -0.2054   1.668e-14    0.002123
62.6                5.98        5.98       7.162     -0.9785     -0.2041   1.911e-14     0.01196
62.8               5.981       5.981        7.14     -0.9681     -0.1901   1.893e-14    0.005538
63                 5.946       5.946       7.117      -0.978     -0.1929    2.04e-14    0.007949
63.2               5.965       5.965       7.094     -0.9405     -0.1889   2.007e-14    0.005172
63.4               5.959       5.959       7.072     -0.9335     -0.1794   1.822e-14    0.007806
63.6               5.928       5.928        7.05     -0.9379     -0.1839   1.677e-14    0.002638
63.8               5.952       5.952       7.028     -0.8963     -0.1793   1.484e-14    0.005292
64                 5.945       5.945       7.006     -0.8855     -0.1753   1.439e-14    0.004182
64.2               5.926       5.926       6.984       -0.89     -0.1677   1.747e-14     0.00505
64.4               5.912       5.912       6.962     -0.8778     -0.1725   1.733e-14    0.002668
64.6               5.915       5.915       6.941     -0.8625     -0.1634   1.763e-14    0.006394
64.8               5.907       5.907       6.919     -0.8546     -0.1573    1.88e-14    0.009438
65                 5.907       5.907       6.898     -0.8396      -0.151   1.436e-14    0.003056
65.2               5.888       5.888       6.877     -0.8339     -0.1552   1.322e-14    0.002861
65.4               5.903       5.903       6.856     -0.7985     -0.1547   1.313e-14    0.007221
65.6               5.873       5.873       6.835      -0.808     -0.1537   1.538e-14  -0.0001156
65.8               5.876       5.876       6.814     -0.7921     -0.1457   1.303e-14     0.00547
66                 5.857       5.857       6.793      -0.792     -0.1445   2.002e-14    0.002598
66.2               5.866       5.866       6.773     -0.7642      -0.143   1.145e-14    0.006067
66.4               5.863       5.863       6.752     -0.7443      -0.145   1.127e-14    0.004974
66.6               5.846       5.846       6.732     -0.7461     -0.1402    1.37e-14    0.005829
66.8               5.843       5.843       6.712     -0.7356      -0.133   1.229e-14    0.004627
67                 5.851       5.851       6.692     -0.7073      -0.134   1.225e-14    0.004297
67.2                5.83        5.83       6.672     -0.7142     -0.1275   1.226e-14    0.003195
67.4               5.816       5.816       6.652     -0.7029      -0.133   1.138e-14    0.003762
67.6               5.818       5.818       6.633     -0.6854     -0.1292   1.388e-14      0.0056
67.8               5.817       5.817       6.613     -0.6737     -0.1228   1.068e-14   0.0004379
68                 5.818       5.818       6.594     -0.6549     -0.1209   7.619e-15    0.004868
68.2               5.814       5.814       6.574     -0.6429      -0.117   1.156e-14    0.006027
68.4               5.795       5.795       6.555     -0.6377     -0.1223   1.251e-14     0.01318
68.6               5.775       5.775       6.536     -0.6446      -0.116   1.224e-14    0.004636
68.8               5.789       5.789       6.517     -0.6066     -0.1214   6.516e-15    0.008335
69                 5.776       5.776       6.498     -0.6124     -0.1098   8.352e-15     0.00344
69.2               5.769       5.769       6.479     -0.6044     -0.1062   7.647e-15    0.005991
69.4               5.761       5.761       6.461       -0.59     -0.1097    1.06e-14     0.01283
69.6                5.76        5.76       6.442     -0.5809     -0.1007   1.009e-14     0.01419
69.8               5.737       5.737       6.424     -0.5739     -0.1131   7.678e-15     0.01525
70                 5.755       5.755       6.405     -0.5447     -0.1054   1.052e-14     0.01257
70.2                5.73        5.73       6.387     -0.5643    -0.09272   8.066e-15     0.01068
70.4               5.732       5.732       6.369     -0.5385    -0.09847   7.288e-15    0.003509
70.6               5.718       5.718       6.351     -0.5374    -0.09508   8.265e-15    0.008647
70.8               5.702       5.702       6.333      -0.541    -0.08967   5.851e-15     0.01162
71                 5.687       5.687       6.315     -0.5367    -0.09124   6.762e-15    0.003526
71.2               5.686       5.686       6.297     -0.5213    -0.09028   6.166e-15    0.006888
71.4               5.667       5.667        6.28     -0.5213    -0.09103   8.462e-15    0.006279
71.6                5.66        5.66       6.262     -0.5117    -0.09073   8.031e-15     0.01476
71.8               5.659       5.659       6.245     -0.5003    -0.08532   4.616e-15    0.006681
72                 5.643       5.643       6.227     -0.4987    -0.08573    7.49e-15    0.007615
72.2               5.641       5.641        6.21     -0.4848    -0.08446   5.431e-15     0.01081
72.4               5.643       5.643       6.193     -0.4633    -0.08641   6.733e-15     0.01066
72.6               5.644       5.644       6.176     -0.4492     -0.0822   6.703e-15     0.01186
72.8               5.633       5.633       6.159     -0.4479    -0.07812   4.754e-15     0.01188
73                 5.618       5.618       6.142     -0.4407    -0.08347   6.791e-15    0.005029
73.2                5.61        5.61       6.125     -0.4366    -0.07811   3.298e-15    0.009501
73.4               5.605       5.605       6.109     -0.4304    -0.07323   3.149e-15     0.01473
73.6               5.585       5.585       6.092     -0.4334    -0.07384    5.08e-15    0.009097
73.8                5.57        5.57       6.075     -0.4307    -0.07444   3.436e-15     0.01482
74                 5.578       5.578       6.059     -0.4078    -0.07344   6.074e-15     0.01374
74.2               5.571       5.571       6.043     -0.4012    -0.07034   5.147e-15     0.01079
74.4               5.551       5.551       6.026     -0.4022    -0.07363   5.142e-15     0.01301
74.6               5.552       5.552        6.01     -0.3886    -0.06951   3.553e-15    0.009664
74.8               5.535       5.535       5.994     -0.3893    -0.06946   4.163e-15     0.01255
75                 5.549       5.549       5.978     -0.3613    -0.06813   5.579e-15     0.01071
75.2               5.532       5.532       5.962     -0.3608     -0.0698   3.685e-15     0.01011
75.4               5.504       5.504       5.946     -0.3732    -0.06938   4.883e-15    0.005354
75.6               5.502       5.502       5.931     -0.3636    -0.06511   4.677e-15     0.01311
75.8                5.49        5.49       5.915     -0.3582    -0.06651   5.443e-15     0.01215
76                 5.487       5.487         5.9      -0.351    -0.06182   4.714e-15     0.01233
76.2               5.468       5.468       5.884     -0.3563    -0.06004   4.045e-15    0.008794
76.4               5.469       5.469       5.869     -0.3386    -0.06095   5.365e-15     0.01467
76.6               5.445       5.445       5.853     -0.3494    -0.05892   5.657e-15    0.007955
76.8               5.461       5.461       5.838     -0.3214    -0.05568   2.498e-15     0.00866
77                 5.453       5.453       5.823     -0.3131    -0.05702   3.647e-15     0.01114
77.2               5.428       5.428       5.808      -0.324    -0.05592   4.354e-15    0.007901
77.4               5.443       5.443       5.793     -0.2938    -0.05628   4.717e-15   0.0007355
77.6                 5.4         5.4       5.778     -0.3219    -0.05641   4.124e-15    0.006352
77.8               5.419       5.419       5.763     -0.2921     -0.0523   3.234e-15     0.01143
78                 5.397       5.397       5.748      -0.299    -0.05212   4.829e-15    0.009081
78.2               5.393       5.393       5.734     -0.2924    -0.04816   1.766e-15    0.009125
78.4               5.385       5.385       5.719     -0.2816    -0.05284   2.246e-15    0.004085
78.6               5.375       5.375       5.704     -0.2767    -0.05222   3.625e-15     0.01637
78.8               5.369       5.369        5.69      -0.269    -0.05168   3.644e-15     0.01317
79                 5.352       5.352       5.675     -0.2755    -0.04839   1.198e-15     0.00866
79.2               5.339       5.339       5.661     -0.2769    -0.04491   3.873e-15    0.004387
79.4               5.349       5.349       5.647     -0.2484    -0.04906   4.921e-15     0.01084
79.6               5.322       5.322       5.633     -0.2624    -0.04801    2.93e-15    0.007905
79.8               5.318       5.318       5.619     -0.2556     -0.0449   1.077e-15    0.005119
80                  5.32        5.32       5.605     -0.2448    -0.04017   2.859e-15    0.009364
80.2               5.298       5.298       5.591     -0.2483    -0.04418   4.764e-15    0.009418
80.4               5.301       5.301       5.577     -0.2306     -0.0452   1.738e-15    0.004288
80.6               5.298       5.298       5.563     -0.2204    -0.04405   1.895e-15     0.01317
80.8               5.283       5.283       5.549      -0.221    -0.04468   2.195e-15     0.01244
81                 5.276       5.276       5.535     -0.2212     -0.0384   2.198e-15     0.01285
81.2               5.258       5.258       5.522     -0.2248    -0.03945   3.324e-15     0.01572
81.4                5.27        5.27       5.508        -0.2    -0.03813   2.832e-15     0.01198
81.6               5.255       5.255       5.495     -0.2008     -0.0385   1.996e-15    0.008724
81.8               5.248       5.248       5.481     -0.1931    -0.04015   2.097e-15    0.007554
82                 5.217       5.217       5.468     -0.2147    -0.03624   3.834e-15     0.01197
82.2               5.215       5.215       5.455      -0.204    -0.03579   3.078e-15     0.01117
82.4               5.211       5.211       5.441     -0.1944    -0.03632   1.911e-15    0.006205
82.6               5.211       5.211       5.428     -0.1834    -0.03349   1.685e-15     0.00875
82.8               5.196       5.196       5.415     -0.1832    -0.03614   2.622e-15     0.01366
83                 5.187       5.187       5.402     -0.1794    -0.03549     2.7e-15    0.008973
83.2                5.17        5.17       5.389     -0.1858      -0.033   3.611e-15    0.008659
83.4               5.161       5.161       5.376     -0.1804    -0.03434   3.603e-15     0.01009
83.6               5.158       5.158       5.363     -0.1717    -0.03332   1.105e-15    0.007258
83.8               5.139       5.139        5.35     -0.1761    -0.03504   1.245e-15    0.003514
84                 5.128       5.128       5.338     -0.1776    -0.03206    1.13e-15     0.01141
84.2                5.13        5.13       5.325     -0.1633    -0.03189   1.409e-15    0.007264
84.4                5.12        5.12       5.312     -0.1625    -0.02981   3.618e-15    0.007419
84.6                5.11        5.11         5.3     -0.1592    -0.03058   3.046e-15     0.01635
84.8                 5.1         5.1       5.287     -0.1611    -0.02663   1.974e-15     0.01132
85                  5.08        5.08       5.275     -0.1633    -0.03178   2.202e-15    0.009855
85.2               5.081       5.081       5.262     -0.1536    -0.02775   1.145e-15    0.008737
85.4               5.057       5.057        5.25     -0.1648    -0.02853   1.854e-15     0.01204
85.6                5.07        5.07       5.238     -0.1375    -0.03025    3.55e-15     0.01319
85.8               5.052       5.052       5.226     -0.1452    -0.02898   1.139e-15    0.008546
86                 5.042       5.042       5.214     -0.1454    -0.02642   1.889e-15     0.01293
86.2               5.047       5.047       5.201     -0.1295    -0.02533   2.272e-15     0.01321
86.4               5.019       5.019       5.189     -0.1397    -0.03052   1.614e-15     0.01291
86.6               5.017       5.017       5.177     -0.1336    -0.02666   5.186e-16    0.004705
86.8               5.019       5.019       5.166     -0.1224    -0.02456   1.686e-16     0.01263
87                 5.001       5.001       5.154     -0.1303    -0.02212   2.165e-15     0.00931
87.2               4.994       4.994       5.142     -0.1216    -0.02635   1.348e-15     0.01386
87.4               4.978       4.978        5.13     -0.1269    -0.02481   9.811e-16   0.0001358
87.6               4.978       4.978       5.118     -0.1164    -0.02427   1.177e-15    0.007268
87.8               4.975       4.975       5.107     -0.1093    -0.02225   9.502e-16     0.01153
88                 4.965       4.965       5.095     -0.1056     -0.0243   1.052e-15     0.00533
88.2               4.954       4.954       5.083     -0.1062    -0.02359   1.898e-15    0.006408
88.4               4.949       4.949       5.072     -0.1018    -0.02128   1.672e-15    0.009413
88.6               4.928       4.928       5.061     -0.1105    -0.02159   2.646e-15     0.01035
88.8               4.925       4.925       5.049     -0.1013    -0.02249   2.124e-15    0.006956
89                 4.914       4.914       5.038     -0.1016    -0.02183   6.722e-16    0.009667
89.2               4.909       4.909       5.027    -0.09674    -0.02087   7.111e-17     0.01038
89.4               4.893       4.893       5.015     -0.1006     -0.0218   2.783e-15    0.008847
89.6               4.892       4.892       5.004    -0.09497    -0.01702   1.657e-15    0.004986
89.8               4.882       4.882       4.993    -0.09092    -0.01971   2.458e-15    0.005419
90                 4.869       4.869       4.982    -0.09149    -0.02108   2.048e-15    0.007136
90.2               4.875       4.875       4.971     -0.0756    -0.02016   1.039e-15    0.008821
90.4                4.86        4.86        4.96    -0.08227    -0.01716   2.025e-15    0.003093
90.6               4.857       4.857       4.949    -0.07143    -0.02048   2.313e-15    0.006632
90.8               4.839       4.839       4.938    -0.08122    -0.01741   6.923e-16    0.002185
91                  4.83        4.83       4.927    -0.07929    -0.01766   9.975e-16    0.008624
91.2               4.826       4.826       4.916    -0.07289    -0.01768   1.166e-15    0.007416
91.4               4.822       4.822       4.906     -0.0659     -0.0181   4.152e-16    0.002325
91.6               4.805       4.805       4.895    -0.07217    -0.01743   9.775e-16    0.005223
91.8               4.795       4.795       4.884    -0.07405    -0.01553   1.582e-15    0.007641
92                 4.797       4.797       4.874     -0.0626    -0.01424   1.907e-15    0.003828
92.2               4.786       4.786       4.863    -0.06221    -0.01437   2.486e-15    0.006165
92.4               4.766       4.766       4.852    -0.07286    -0.01375   1.328e-15    0.005425
92.6               4.769       4.769       4.842    -0.05468     -0.0181    1.64e-15    0.002741
92.8               4.757       4.757       4.832    -0.05967    -0.01485   8.075e-16    0.006801
93                 4.749       4.749       4.821     -0.0558    -0.01604   1.182e-15    0.008249
93.2               4.735       4.735       4.811    -0.05882    -0.01719   1.062e-15    0.002846
93.4               4.739       4.739         4.8     -0.0471    -0.01447   1.609e-15   0.0007933
93.6               4.717       4.717        4.79    -0.05955      -0.014   2.103e-15    0.006556
93.8               4.703       4.703        4.78    -0.06019    -0.01676   1.447e-15    0.005937
94                 4.706       4.706        4.77    -0.04745    -0.01623   2.238e-15    0.007781
94.2               4.714       4.714        4.76    -0.03142    -0.01388   8.669e-16     0.00775
94.4               4.697       4.697        4.75    -0.03895     -0.0139   7.625e-16    0.007594
94.6               4.686       4.686        4.74    -0.03807    -0.01523   1.036e-15    0.003874
94.8               4.673       4.673        4.73    -0.04361    -0.01337   1.212e-15    0.002073
95                  4.67        4.67        4.72    -0.03623    -0.01329   1.792e-15    0.004774
95.2               4.652       4.652        4.71    -0.04335    -0.01397   1.111e-15    0.007038
95.4               4.653       4.653         4.7    -0.03427    -0.01277   6.813e-16    0.003533
95.6               4.636       4.636        4.69    -0.04015    -0.01343   1.076e-15    0.004227
95.8               4.633       4.633        4.68    -0.03343    -0.01348   1.451e-15    0.005822
96                 4.634       4.634        4.67    -0.02194    -0.01408   1.468e-15    0.002867
96.2               4.617       4.617       4.661    -0.03191    -0.01216   1.656e-15     0.00392
96.4               4.607       4.607       4.651    -0.03347     -0.0108   2.112e-15    0.002801
96.6                 4.6         4.6       4.641    -0.02833    -0.01315   1.431e-15    0.005105
96.8               4.603       4.603       4.632    -0.01914   -0.009724   1.254e-15    0.001443
97                 4.592       4.592       4.622    -0.02089   -0.009571    8.78e-16      0.0056
97.2               4.585       4.585       4.613    -0.01951   -0.008011  -3.194e-16    0.003224
97.4               4.576       4.576       4.603    -0.01633    -0.01103   1.439e-15    0.008127
97.6               4.569       4.569       4.594    -0.01545   -0.009392   1.062e-15    0.003202
97.8               4.557       4.557       4.585    -0.01801   -0.009854  -1.379e-16     0.00514
98                 4.553       4.553       4.575    -0.01193   -0.009897     1.9e-15    0.007096
98.2               4.539       4.539       4.566    -0.01492    -0.01232   1.164e-15    0.001212
98.4               4.535       4.535       4.557    -0.01187   -0.009182   1.437e-15  -0.0004911
98.6               4.517       4.517       4.547    -0.01899    -0.01164  -2.773e-16    0.006024
98.8               4.519       4.519       4.538    -0.01139   -0.007552   1.285e-15    0.004962
99                 4.512       4.512       4.531    -0.01141   -0.007524   2.433e-15    0.003221
