34.8 0.0003
35 0.0004
35.1 0.0002
35.2 0.0005
35.3 0.0016
35.4 0.0005
35.5 0.002
35.6 0.0032
35.7 0.0034
35.8 0.0036
35.9 0.0077
36 0.0086
36.1 0.0113
36.2 0.0165
36.3 0.0207
36.4 0.0251
36.5 0.0346
36.6 0.0416
36.7 0.0546
36.8 0.061
36.9 0.0856
37 0.103
37.1 0.1169
37.2 0.1436
37.3 0.1647
37.4 0.2086
37.5 0.2341
37.6 0.2849
37.7 0.3075
37.8 0.3507
37.9 0.4155
38 0.4766
38.1 0.5064
38.2 0.5993
38.3 0.6534
38.4 0.7385
38.5 0.7864
38.6 0.8447
38.7 0.9351
38.8 1.0205
38.9 1.0938
39 1.1878
39.1 1.2792
39.2 1.3809
39.3 1.4605
39.4 1.5596
39.5 1.6625
39.6 1.765
39.7 1.8547
39.8 1.9162
39.9 2.0115
40 2.0946
40.1 2.1799
40.2 2.285
40.3 2.346
40.4 2.4022
40.5 2.4962
40.6 2.5877
40.7 2.6517
40.8 2.7706
40.9 2.7769
41 2.835
41.1 2.9686
41.2 2.9769
41.3 3.0328
41.4 3.0654
41.5 3.1522
41.6 3.1968
41.7 3.2093
41.8 3.2698
41.9 3.2847
42 3.3185
42.1 3.3567
42.2 3.4083
42.3 3.4233
42.4 3.4362
42.5 3.4528
42.6 3.4407
42.7 3.4797
42.8 3.4602
42.9 3.4794
43 3.5234
43.1 3.5032
43.2 3.5329
43.3 3.506
43.4 3.4756
43.5 3.4865
43.6 3.466
43.7 3.492
43.8 3.495
43.9 3.488
44 3.4501
44.1 3.4623
44.2 3.4279
44.3 3.4284
44.4 3.4221
44.5 3.3599
44.6 3.3822
44.7 3.392
44.8 3.3417
44.9 3.3275
45 3.274
45.1 3.3301
45.2 3.2666
45.3 3.2469
45.4 3.1932
45.5 3.2139
45.6 3.2111
45.7 3.1657
45.8 3.1599
45.9 3.1945
46 3.1656
46.1 3.1617
46.2 3.1109
46.3 3.0919
46.4 3.0961
46.5 3.0721
46.6 3.0822
46.7 3.026
46.8 3.0607
46.9 3.0317
47 3.0101
47.1 2.9885
47.2 2.9784
47.3 2.9851
47.4 2.9306
47.5 2.9786
47.6 2.9849
47.7 2.9293
47.8 2.9155
47.9 2.9334
48 2.9419
48.1 2.9075
48.2 2.905
48.3 2.9446
48.4 2.8907
48.5 2.9046
48.6 2.8994
48.7 2.8781
48.8 2.867
48.9 2.8593
49 2.8731
49.1 2.8348
49.2 2.879
49.3 2.8546
49.4 2.8279
49.5 2.8402
49.6 2.8209
49.7 2.8087
49.8 2.8075
49.9 2.7743
50 2.7846
50.1 2.8204
50.2 2.821
50.3 2.7995
50.4 2.787
50.5 2.8132
50.6 2.7785
50.7 2.8107
50.8 2.8021
50.9 2.7711
51 2.8064
51.1 2.7761
51.2 2.7676
51.3 2.7725
51.4 2.7737
51.5 2.7778
51.6 2.7704
51.7 2.7308
51.8 2.7526
51.9 2.7755
52 2.7577
52.1 2.7843
52.2 2.7731
52.3 2.7354
52.4 2.7618
52.5 2.762
52.6 2.7181
52.7 2.7416
52.8 2.7481
52.9 2.7595
53 2.7377
53.1 2.7681
53.2 2.7704
53.3 2.7339
53.4 2.7426
53.5 2.7642
53.6 2.7466
53.7 2.7605
53.8 2.7519
53.9 2.7721
54 2.7547
54.1 2.7617
54.2 2.7556
54.3 2.7757
54.4 2.7381
54.5 2.7593
54.6 2.7708
54.7 2.7612
54.8 2.7847
54.9 2.7765
55 2.784
55.1 2.7664
55.2 2.7821
55.3 2.7874
55.4 2.7832
55.5 2.7895
55.6 2.7522
55.7 2.7935
55.8 2.7919
55.9 2.7691
56 2.7512
56.1 2.7981
56.2 2.8119
56.3 2.7922
56.4 2.8077
56.5 2.7996
56.6 2.7826
56.7 2.8228
56.8 2.8455
56.9 2.7888
57 2.8086
57.1 2.8185
57.2 2.8
57.3 2.7945
57.4 2.8138
57.5 2.8175
57.6 2.8141
57.7 2.8472
57.8 2.822
57.9 2.8011
58 2.8204
58.1 2.8389
58.2 2.8394
58.3 2.8513
58.4 2.8474
58.5 2.8325
58.6 2.8736
58.7 2.87
58.8 2.8096
58.9 2.8565
59 2.8468
59.1 2.8522
59.2 2.8724
59.3 2.878
59.4 2.8718
59.5 2.8554
59.6 2.8761
59.7 2.8677
59.8 2.9385
59.9 2.8889
60 2.9067
60.1 2.8641
60.2 2.8914
60.3 2.9515
60.4 2.9143
60.5 2.922
60.6 2.9172
60.7 2.9274
60.8 2.9114
60.9 2.9042
61 2.9235
61.1 2.9368
61.2 2.9546
61.3 2.9414
61.4 2.9661
61.5 2.9567
61.6 2.9432
61.7 2.9882
61.8 2.9888
61.9 2.9448
62 2.9982
62.1 2.9861
62.2 2.9638
62.3 2.961
62.4 3.0017
62.5 2.9787
62.6 2.9797
62.7 3.0188
62.8 2.9998
62.9 3.0048
63 2.9849
63.1 2.9855
63.2 3.0433
63.3 3.0264
63.4 3.026
63.5 3.0186
63.6 3.0528
63.7 3.0191
63.8 3.0361
63.9 3.0336
64 3.0713
64.1 3.0509
64.2 3.06
64.3 3.0749
64.4 3.0459
64.5 3.0194
64.6 3.0436
64.7 3.0582
64.8 3.0994
64.9 3.078
65 3.1203
65.1 3.1037
65.2 3.102
65.3 3.0962
65.4 3.1156
65.5 3.0983
65.6 3.1178
65.7 3.0908
65.8 3.1323
65.9 3.1516
66 3.1028
66.1 3.1291
66.2 3.1184
66.3 3.1459
66.4 3.1187
66.5 3.1613
66.6 3.1552
66.7 3.1617
66.8 3.1217
66.9 3.1507
67 3.1957
67.1 3.1779
67.2 3.2047
67.3 3.1752
67.4 3.1845
67.5 3.2092
67.6 3.2249
67.7 3.2059
67.8 3.1966
67.9 3.2533
68 3.1735
68.1 3.2103
68.2 3.2411
68.3 3.253
68.4 3.2373
68.5 3.2122
68.6 3.208
68.7 3.2634
68.8 3.2309
68.9 3.258
69 3.2264
69.1 3.2843
69.2 3.2369
69.3 3.2788
69.4 3.2456
69.5 3.2633
69.6 3.2914
69.7 3.3076
69.8 3.2892
69.9 3.2889
70 3.2621
70.1 3.3057
70.2 3.2995
70.3 3.3101
70.4 3.2649
70.5 3.2992
70.6 3.3289
70.7 3.3353
70.8 3.2973
70.9 3.3076
71 3.3038
71.1 3.3522
71.2 3.3051
71.3 3.3573
71.4 3.383
71.5 3.355
71.6 3.3295
71.7 3.3589
71.8 3.3446
71.9 3.3868
72 3.3482
72.1 3.396
72.2 3.3857
72.3 3.3669
72.4 3.3678
72.5 3.3825
72.6 3.3763
72.7 3.369
72.8 3.3823
72.9 3.3909
73 3.4325
73.1 3.4039
73.2 3.4066
73.3 3.4621
73.4 3.4114
73.5 3.4194
73.6 3.3858
73.7 3.4181
73.8 3.4752
73.9 3.4438
74 3.4339
74.1 3.469
74.2 3.4313
74.3 3.4284
74.4 3.4666
74.5 3.4443
74.6 3.4428
74.7 3.4664
74.8 3.4646
74.9 3.4598
75 3.453
75.1 3.4673
75.2 3.4958
75.3 3.5103
75.4 3.5097
75.5 3.5026
75.6 3.5094
75.7 3.527
75.8 3.5118
75.9 3.4933
76 3.516
76.1 3.5221
76.2 3.5124
76.3 3.5355
76.4 3.5675
76.5 3.5462
76.6 3.5726
76.7 3.5392
76.8 3.5372
76.9 3.5546
77 3.5425
77.1 3.5801
77.2 3.5476
77.3 3.604
77.4 3.5639
77.5 3.5911
77.6 3.583
77.7 3.5955
77.8 3.5894
77.9 3.609
78 3.592
78.1 3.6235
78.2 3.6116
78.3 3.6476
78.4 3.6082
78.5 3.5923
78.6 3.6106
78.7 3.6164
78.8 3.6246
78.9 3.5677
79 3.6339
79.1 3.6188
79.2 3.6162
79.3 3.6716
79.4 3.6179
79.5 3.6417
79.6 3.6853
79.7 3.6004
79.8 3.6427
79.9 3.6399
80 3.6574
80.1 3.6235
80.2 3.6621
80.3 3.6371
80.4 3.6728
80.5 3.675
80.6 3.7007
80.7 3.6388
80.8 3.6884
80.9 3.6652
81 3.6971
81.1 3.6776
81.2 3.6679
81.3 3.6898
81.4 3.6667
81.5 3.6859
81.6 3.7178
81.7 3.6935
81.8 3.6817
81.9 3.6866
82 3.7087
82.1 3.701
82.2 3.7212
82.3 3.7006
82.4 3.727
82.5 3.6994
82.6 3.7496
82.7 3.7447
82.8 3.7323
82.9 3.7742
83 3.7834
83.1 3.7202
83.2 3.7543
83.3 3.7149
83.4 3.7574
83.5 3.7452
83.6 3.735
83.7 3.7834
83.8 3.7839
83.9 3.7314
84 3.7391
84.1 3.7618
84.2 3.7593
84.3 3.7467
84.4 3.7689
84.5 3.7733
84.6 3.7601
84.7 3.7613
84.8 3.7776
84.9 3.7837
85 3.7715
85.1 3.7784
85.2 3.7689
85.3 3.7738
85.4 3.797
85.5 3.7672
85.6 3.7884
85.7 3.7685
85.8 3.8156
85.9 3.79
86 3.7998
86.1 3.8249
86.2 3.7779
86.3 3.7968
86.4 3.8321
86.5 3.8333
86.6 3.7927
86.7 3.8389
86.8 3.8356
86.9 3.8256
87 3.7677
87.1 3.7881
87.2 3.8006
87.3 3.8213
87.4 3.8443
87.5 3.8157
87.6 3.8065
87.7 3.8206
87.8 3.8384
87.9 3.7937
88 3.8159
88.1 3.8256
88.2 3.816
88.3 3.8167
88.4 3.7775
88.5 3.8485
88.6 3.8214
88.7 3.8636
88.8 3.8252
88.9 3.8514
89 3.8391
89.1 3.8404
89.2 3.8783
89.3 3.8568
89.4 3.8457
89.5 3.8304
89.6 3.8562
89.7 3.8209
89.8 3.8546
89.9 3.8456
90 3.8679
90.1 3.8414
90.2 3.8504
90.3 3.8661
90.4 3.9112
90.5 3.8411
90.6 3.8903
90.7 3.8567
90.8 3.9123
90.9 3.8568
91 3.8868
91.1 3.8734
91.2 3.8792
91.3 3.8923
91.4 3.8917
91.5 3.881
91.6 3.8857
91.7 3.8753
91.8 3.8591
91.9 3.8844
92 3.8945
92.1 3.8303
92.2 3.859
92.3 3.881
92.4 3.886
92.5 3.9111
92.6 3.8808
92.7 3.8392
92.8 3.8882
92.9 3.9012
93 3.8914
93.1 3.9072
93.2 3.8617
93.3 3.8589
93.4 3.8725
93.5 3.9103
93.6 3.8918
93.7 3.8831
93.8 3.909
93.9 3.9078
94 3.9002
94.1 3.8619
94.2 3.8685
94.3 3.8778
94.4 3.8947
94.5 3.8935
94.6 3.8819
94.7 3.8857
94.8 3.905
94.9 3.86
95 3.9204
95.1 3.8747
95.2 3.9056
95.3 3.8546
95.4 3.9105
95.5 3.8689
95.6 3.907
95.7 3.8834
95.8 3.8667
95.9 3.8782
96 3.8908
96.1 3.8656
96.2 3.8751
96.3 3.8738
96.4 3.8957
96.5 3.9336
96.6 3.9061
96.7 3.9217
96.8 3.8896
96.9 3.8963
97 3.9035
97.1 3.9119
97.2 3.8952
97.3 3.8951
97.4 3.897
97.5 3.8839
97.6 3.9044
97.7 3.9312
97.8 3.8741
97.9 3.8813
98 3.8451
98.1 3.8926
98.2 3.92
98.3 3.9087
98.4 3.911
98.5 3.9482
98.6 3.8865
98.7 3.9122
98.8 3.9267
98.9 3.916
99 1.9853
