1900663.555421825
44
                0                 0 46.21241373279496 -8 20 1 3 0
 0.430187844588209 0.2030836469700277  46.36634699981645 186.571 2 0 7 0
-0.430187844612095 -0.203083646952423  46.05848046577433 -186.571 2 0 4 0
                 0                  0 -46.21241373279496 -8 20 1 3 0
-0.4387835089804992 -0.1281239078883856   -46.4150298636183 186.571 2 0 7 0
0.4387835089894256 0.1281239078946314 -46.00979760197261 -186.571 2 0 4 0
33.20860441496654 33.78742554658838 56.94093396864477 -1 2 0.001 1 0
 33.12456418133998   27.3502437974797 -60.51268226810902 -1 2 0.001 1 0
-27.03474390244632 -22.26482722730774  -37.0876299505421 -1 2 0.001 1 0
-29.64489794188142  41.51452499453646 -68.22012038406538 -1 2 0.001 1 0
-21.68897356411303  41.78101502007175  20.26151104649842 -1 2 0.001 1 0
 -27.89264990964652  -40.68898033420079 -0.3685490050524445 -1 2 0.001 1 0
-33.68792236398907  -24.2560773275859 -10.17698831333553 -1 2 0.001 1 0
 2.149419746887084  -44.6095346210038 -17.70026059377879 -1 2 0.001 1 0
-32.61740381017304  21.63231491767758 -69.76802723610804 -1 2 0.001 1 0
 25.06295370500387   28.1475845157821 -74.64947001330063 -1 2 0.001 1 0
  40.0597384477134  6.308108048953221 -60.87431213042291 -1 2 0.001 1 0
 24.90067300168664 -10.06897939692437 -95.82506826004864 1 2 0.001 5 0
 45.50233571214491  3.496516015001866 -61.60889854264936 1 2 0.001 5 0
 28.51726916820291  20.22270125973884 -62.47815805537178 1 2 0.001 5 0
  16.4459656623333  21.41814601968753 -90.00966852281449 1 2 0.001 5 0
 4.426940627382086  30.17101023116741 -25.62839067657722 1 2 0.001 5 0
10.19630878674847 30.62953990324581 50.98744218403063 1 2 0.001 5 0
 12.81377568182377 -33.39889732101251   25.2064301063276 1 2 0.001 5 0
-3.109635505712209  -18.7491600168942  61.29886886585167 1 2 0.001 5 0
 38.72807018726833 -28.20410085211214  72.60013267995497 1 2 0.001 5 0
-2.963701195103894  5.117076150184756 -15.71395602420365 1 2 0.001 5 0
-0.9475011045357693   13.45510241119551  -23.50334222292395 1 2 0.001 5 0
-10.68966060525324 -43.34601213270974  -77.2634090433238 1 2 0.001 5 0
-30.16420083511225 -31.80805107861423 -74.79837700017379 1 2 0.001 5 0
 34.85673252698501 -3.594718832782917  4.070773715081987 1 2 0.001 5 0
 -3.912742347806006  -39.49564256925458 -0.9274274793781991 1 2 0.001 5 0
-47.75116070926659 -4.136387703297114  44.34919074006114 1 2 0.001 5 0
 38.87878944940842  29.21579558407017 -45.43796474250676 1 2 0.001 5 0
-7.508206018439305  53.86677002174561 -57.91374556774955 1 2 0.001 5 0
-25.79020625188674    33.395025179724 -67.59953785987105 1 2 0.001 5 0
 11.79493859265217  13.76291975151666 -58.45348750027617 1 2 0.001 5 0
-23.65513831378221 -15.60778572331334  34.82063402820985 1 2 0.001 5 0
 16.53147514106386  17.21930235990789 -54.38267871432925 1 2 0.001 5 0
 49.29318384049829  7.387723851693289 -70.15659578202832 1 2 0.001 5 0
15.92724160914031 -36.7096913133019 64.93807340879981 1 2 0.001 5 0
-18.09340247025786 -13.30718341856633  49.56696568262182 1 2 0.001 5 0
-40.17066868907863 -25.49919197249696 -52.29634289891876 1 2 0.001 5 0
 27.69805550663398  43.86400883836573 -33.12111549934463 1 2 0.001 5 0
4
0 2 0 3                 0                 0 46.21241373279496
3 5 1 3                  0                  0 -46.21241373279496
6 16 2 1  -7.86358173874271 -3.353761657498044 -14.28135904468438
17 43 3 1 -1.962619962030537 -2.269037162979409 -15.29481408356665
randomstate
1591919744 1755493592 3118720575 2872089596 2460903895 3375660508 4274650823 1875284799 393079703 3646480015 1267073360 3156295656 1052262490 1173611220 792366042 286799679 2295963239 1563628079 2668723027 635889511 739911088 4163308367 3643846705 1139405922 794652612 2499747899 1724583968 1757474540 3869363675 498449950 204739180 3407185413 551597296 1615312338 1126364423 2472001784 3831085573 194964356 4261679522 1080961882 1068199735 720050298 1317083779 1600118366 4142418925 686392383 2113814341 2472282351 1661097985 952466541 4035190798 4154019269 2549061120 2513082031 630387221 2876440359 3116913901 2715871564 694510043 980730039 280777342 1210016320 2801263931 393153907 3205246045 1320224173 434466114 2325082143 3186421693 3706952795 326196672 560176986 1940110383 3850167076 3561742316 1249862551 2166273734 484105164 2645346279 3587907844 1490156091 2995133264 531009647 1868122967 872572529 3895082891 1127254420 1291935027 2177407752 2541975643 2723747854 2885090808 3473573067 1058711253 1793592577 1418889577 2198129650 4103747260 885131278 2336449654 1332570101 2702337652 140740491 3679853552 914534630 2539827051 4101090622 2534931271 169085862 2770805487 471604726 3708717688 1833690999 367439446 1584461757 492603761 1463983389 3851426873 2526912553 481489779 3889520736 3220595437 2617769884 1058537023 3093032419 1491548579 633249644 2868021362 2995587448 3132574785 823220192 2926640882 3959319422 3710236002 3279966063 3132244712 3495763908 76714779 3076958656 1634230123 1622322073 2520968320 3464640772 1516070447 2102017701 96064842 3565291165 2425129695 1149780246 1342391867 1380153265 60286370 1699112346 3311505523 2708671977 3573399889 1886391669 1641605195 334710635 920874898 2325081502 2160773404 1967232141 3661675740 2915512551 1047607186 3943015593 3347990820 1797352938 770145560 1725811613 4176983065 582307451 1956941118 3924903432 1789263652 3437924142 1803471866 511425014 1616806058 3516289683 1274799711 4249645231 3261046169 3838350969 1322183334 1952059371 1499170074 1781606742 807126358 135796117 3291259343 3547253955 997116713 1697957041 1351093178 534160474 726167685 3038768133 155696078 2985914322 169187372 3876799961 3385650398 3503498477 1062244728 3553087041 1274585514 2366285681 393701559 3010623811 464242431 700955833 2470975801 2997552017 874337962 1704883273 2768896850 2106154962 2357329025 1011267465 1934736531 2811908341 2248915674 757124920 1604641544 1846610083 1720048162 3836726708 4167691511 3162075852 3260705601 3606940252 3141198874 1382857868 3141915068 1604728752 3520742038 1653795310 1043254852 751112361 1648985360 585768430 1142474125 1844540920 3721137390 531527581 2447368041 3911152882 3975464491 3468988 2868415327 3808083386 3973928123 4042369386 964624348 989688076 3687625867 3233267779 1521058200 1826116467 2860484954 2317865863 3218274888 1195476395 1009484031 3407288196 1029551488 4124997083 3051000487 700802413 387170723 160927914 2537727569 2290488468 4081730850 2265408621 969612164 3807197700 3632379586 3896870160 1185262368 783440645 2120610024 3854958104 1022421577 283807636 1966695459 2176074090 3436351347 1866318500 781719918 3113588889 738829120 246549514 3672801934 500895169 3740917553 2017697185 3182772572 3567949639 56684664 2762077773 4090968880 3692066723 2054021937 946333110 3697777505 3342455517 2369558637 2670725380 726155338 1885806040 426190455 1296017340 3846265212 2461834189 1672897132 3968561146 3051936757 1759739261 3678578238 4041037889 3204303172 2440860484 3422422744 907109340 1663764863 3823826393 1470941170 2096880061 2425032997 2202366202 1177123623 1403570216 4058235284 3838680328 3004883838 520667626 3289992338 2351392169 1387650232 1945448777 3007947435 2295548235 3682277077 878847661 3514073641 3734962106 372212568 3160929609 2415030197 1584440971 1474452103 1889886633 4125068144 2883288051 1498603605 1278457012 3068538265 2739082053 3154474231 3571322136 2219988548 3915866168 3405333558 455455931 1930718998 2074508514 191575790 657923044 1926708491 1995824363 4137783957 2015819626 1665429530 412018076 3754979589 3838941446 1861428012 2346816302 2819405386 2742625427 3080317052 1132793039 3885266467 2985843002 1853114699 2633194286 2978036712 2273705784 1856092354 3357979428 493401933 3895040599 1531812725 138492777 2264084150 3256070906 3373257193 2427080211 2147779513 3671242983 2577400175 4029939617 2665462357 3075908409 1907959787 3179224544 2331294689 1319203096 3709322625 682323113 1586280858 1525298512 1694979516 3476476227 3078053440 1830088798 3114991207 2800430813 3641647495 2615762969 3798777453 3975602608 397244168 4172574775 1103809722 1047608143 4281953167 1292541466 2902743300 1521438269 2983590147 957746637 2403604231 1630670230 2767446221 3518374688 2688791325 2110875998 2823297246 2271319738 930059690 2193505952 205086095 1642676288 2214664352 319302561 3953080108 569160000 2246528408 4017117845 3665181399 3785782196 3636040919 1321457445 2483183095 4171246029 2024203184 1265371679 3121424783 720015622 1153918502 2497721959 3944308880 436330789 2656668526 3650561982 3339707355 2080926884 2469885550 1467847194 1120092281 1238014914 1626853978 2120364218 941764940 1818900302 221212773 917204070 2857351579 2185326303 2277043420 1904074580 3554326390 350751903 377538187 2587825026 2767181990 282566793 901530703 1726101464 951071631 469814231 620832136 3941841167 2195506055 1139498321 2677276708 2517951582 2421580509 3468150752 3414902819 3310130005 731405661 3985051699 1975716940 4274221140 225613258 2168160934 4139264772 847806665 1287775434 2712483580 1434864233 2354064167 2763078152 2745172964 1300470137 2912649685 1481370812 3672154504 3686813495 2932785713 886431689 495726305 2712627789 1014198137 872147132 1290015216 2610902870 3720325080 1540036526 1928020264 1392216753 220262406 920792198 2039658414 1376380719 47095094 1119074023 205726728 2814651385 1073358583 2462405580 363714414 1758596305 3188150382 772421855 4014523743 1129745369 4286174184 1650804331 370432320 174106938 3668515979 104942256 2162367917 798053839 3524315282 3880853654 1063968330 1318107383 3634772590 3739853994 2771628180 547998569 2592386179 2593151910 677565346 3012560716 809712652 1042956875 1771809878 1197365723 1343536925 329074087 2659849839 2069104811 3063747080 1486089543 3530596556 3838080319 3990027006 1868332373 2892659849 1708582944 485811443 4173343203 1783506858 1260958507 2279500343 3689645264 1465797055 206058114 3689526319 2567307003 3703881015 800513204 2154630655 732104957 2175916071 2950680925 1580493010 3770609172 4263494375 419780981 3553608965 2961729096 2392720822 4103540091 1386331417 4128834699 1123421845 2390605148 2880308479 9073245 4187637825 3000314185 3015397611 3058362513 2802478707 1731221801 83