40.3 0.0001
40.4 0.0007
40.6 0.0006
40.7 0.0025
40.8 0.0026
40.9 0.0038
41 0.0082
41.1 0.0115
41.2 0.0186
41.3 0.028
41.4 0.0351
41.5 0.0502
41.6 0.077
41.7 0.0989
41.8 0.1271
41.9 0.1634
42 0.2062
42.1 0.2613
42.2 0.3176
42.3 0.3711
42.4 0.4274
42.5 0.5147
42.6 0.5863
42.7 0.6579
42.8 0.7358
42.9 0.8624
43 0.9124
43.1 1.0096
43.2 1.0625
43.3 1.1344
43.4 1.271
43.5 1.2773
43.6 1.3283
43.7 1.3834
43.8 1.4688
43.9 1.5261
44 1.5704
44.1 1.5983
44.2 1.5951
44.3 1.6321
44.4 1.5888
44.5 1.6676
44.6 1.6482
44.7 1.7028
44.8 1.7245
44.9 1.7361
45 1.753
45.1 1.7697
45.2 1.8053
45.3 1.8037
45.4 1.8392
45.5 1.8116
45.6 1.8793
45.7 1.8906
45.8 1.8862
45.9 1.9257
46 1.9354
46.1 1.9756
46.2 1.9649
46.3 2.0087
46.4 2.0291
46.5 2.0337
46.6 2.0195
46.7 2.1198
46.8 2.0535
46.9 2.1153
47 2.1661
47.1 2.1857
47.2 2.1887
47.3 2.1706
47.4 2.1834
47.5 2.212
47.6 2.2202
47.7 2.2586
47.8 2.2743
47.9 2.2775
48 2.3017
48.1 2.3305
48.2 2.3129
48.3 2.3363
48.4 2.3637
48.5 2.3949
48.6 2.4247
48.7 2.4453
48.8 2.47
48.9 2.4968
49 2.5091
49.1 2.5053
49.2 2.5432
49.3 2.5015
49.4 2.5823
49.5 2.5671
49.6 2.6158
49.7 2.6145
49.8 2.6122
49.9 2.6396
50 2.6522
50.1 2.6664
50.2 2.7072
50.3 2.722
50.4 2.7501
50.5 2.7269
50.6 2.7843
50.7 2.729
50.8 2.7199
50.9 2.7995
51 2.729
51.1 2.8387
51.2 2.7824
51.3 2.8313
51.4 2.8787
51.5 2.8596
51.6 2.8429
51.7 2.9132
51.8 2.8832
51.9 2.9207
52 2.9262
52.1 2.9183
52.2 2.9759
52.3 2.8861
52.4 2.9342
52.5 2.9495
52.6 2.9939
52.7 3.0539
52.8 2.998
52.9 3.0412
53 3.041
53.1 3.0279
53.2 3.0461
53.3 3.0517
53.4 3.0629
53.5 3.0902
53.6 3.1049
53.7 3.1083
53.8 3.1368
53.9 3.1338
54 3.1357
54.1 3.1431
54.2 3.1425
54.3 3.1941
54.4 3.2517
54.5 3.2407
54.6 3.2545
54.7 3.22
54.8 3.2354
54.9 3.2114
55 3.292
55.1 3.2652
55.2 3.2519
55.3 3.2749
55.4 3.2725
55.5 3.3664
55.6 3.3185
55.7 3.3032
55.8 3.3036
55.9 3.3146
56 3.3431
56.1 3.3518
56.2 3.3881
56.3 3.3813
56.4 3.3614
56.5 3.3563
56.6 3.3738
56.7 3.3674
56.8 3.3536
56.9 3.4115
57 3.3758
57.1 3.4196
57.2 3.4363
57.3 3.4748
57.4 3.4306
57.5 3.4545
57.6 3.4601
57.7 3.4517
57.8 3.4441
57.9 3.4647
58 3.4836
58.1 3.4366
58.2 3.4789
58.3 3.5196
58.4 3.4772
58.5 3.5173
58.6 3.4974
58.7 3.5203
58.8 3.4887
58.9 3.5959
59 3.5638
59.1 3.5008
59.2 3.5575
59.3 3.5688
59.4 3.5099
59.5 3.6018
59.6 3.5666
59.7 3.5707
59.8 3.5878
59.9 3.5994
60 3.5536
60.1 3.6051
60.2 3.5932
60.3 3.56
60.4 3.5938
60.5 3.6357
60.6 3.5826
60.7 3.5834
60.8 3.6813
60.9 3.6649
61 3.6582
61.1 3.5743
61.2 3.6354
61.3 3.6451
61.4 3.641
61.5 3.6628
61.6 3.691
61.7 3.6394
61.8 3.6377
61.9 3.734
62 3.6955
62.1 3.642
62.2 3.6534
62.3 3.7
62.4 3.693
62.5 3.6202
62.6 3.7112
62.7 3.7216
62.8 3.7131
62.9 3.747
63 3.6817
63.1 3.7785
63.2 3.7004
63.3 3.7604
63.4 3.6811
63.5 3.723
63.6 3.742
63.7 3.7125
63.8 3.777
63.9 3.7192
64 3.7609
64.1 3.7577
64.2 3.8045
64.3 3.8425
64.4 3.7537
64.5 3.7623
64.6 3.785
64.7 3.7856
64.8 3.7875
64.9 3.8234
65 3.7509
65.1 3.7494
65.2 3.791
65.3 3.7636
65.4 3.7633
65.5 3.7662
65.6 3.8254
65.7 3.7871
65.8 3.7998
65.9 3.8268
66 3.7931
66.1 3.8059
66.2 3.8229
66.3 3.8483
66.4 3.8189
66.5 3.8737
66.6 3.8455
66.7 3.795
66.8 3.8623
66.9 3.8531
67 3.8503
67.1 3.8004
67.2 3.8146
67.3 3.8201
67.4 3.8323
67.5 3.8331
67.6 3.7827
67.7 3.8409
67.8 3.8321
67.9 3.8923
68 3.8757
68.1 3.876
68.2 3.8659
68.3 3.8706
68.4 3.8532
68.5 3.8709
68.6 3.9034
68.7 3.9366
68.8 3.8457
68.9 3.8639
69 3.8844
69.1 3.8734
69.2 3.9191
69.3 3.8481
69.4 3.8644
69.5 3.8782
69.6 3.8619
69.7 3.8873
69.8 3.9426
69.9 3.9348
70 3.9585
70.1 3.9282
70.2 3.9072
70.3 3.9367
70.4 3.9088
70.5 3.9296
70.6 3.8849
70.7 3.9024
70.8 3.9339
70.9 3.9465
71 3.8942
71.1 3.9197
71.2 3.8933
71.3 3.9084
71.4 3.9484
71.5 3.9362
71.6 3.8861
71.7 3.9099
71.8 3.9274
71.9 3.9249
72 3.9038
72.1 3.9008
72.2 3.9533
72.3 3.9454
72.4 3.9054
72.5 3.9503
72.6 3.94
72.7 3.9541
72.8 3.9132
72.9 3.9368
73 3.9505
73.1 3.9261
73.2 3.9249
73.3 3.9896
73.4 4.0145
73.5 3.9471
73.6 3.9628
73.7 3.8933
73.8 3.9511
73.9 3.933
74 3.9897
74.1 3.9569
74.2 3.9183
74.3 3.9331
74.4 3.9097
74.5 3.9798
74.6 3.9533
74.7 3.9369
74.8 3.9369
74.9 3.979
75 3.952
75.1 3.9616
75.2 3.9394
75.3 3.9384
75.4 3.9807
75.5 3.9737
75.6 4.004
75.7 3.952
75.8 3.9189
75.9 3.9753
76 3.9762
76.1 3.9671
76.2 3.9396
76.3 3.9557
76.4 3.9654
76.5 3.9475
76.6 3.9725
76.7 3.9187
76.8 3.9508
76.9 4.0111
77 3.9761
77.1 3.9711
77.2 3.9717
77.3 3.9493
77.4 3.9792
77.5 3.9567
77.6 3.9838
77.7 3.9795
77.8 4.0184
77.9 3.9494
78 4.0094
78.1 4.0005
78.2 3.9413
78.3 3.9705
78.4 4.016
78.5 4.008
78.6 3.9585
78.7 3.9591
78.8 3.9462
78.9 3.9823
79 3.9945
79.1 3.9894
79.2 3.9334
79.3 3.9756
79.4 4.0561
79.5 3.9491
79.6 4.0056
79.7 3.9926
79.8 4.0018
79.9 4.0238
80 3.9449
80.1 3.9748
80.2 3.948
80.3 3.9603
80.4 4.0107
80.5 4.0211
80.6 4.0336
80.7 4.0112
80.8 4.008
80.9 3.9699
81 3.9949
81.1 3.9356
81.2 3.9981
81.3 3.9387
81.4 3.9762
81.5 3.9392
81.6 3.9852
81.7 4.0389
81.8 3.9648
81.9 4.0371
82 3.9611
82.1 4.024
82.2 3.9797
82.3 3.9984
82.4 4.015
82.5 3.9871
82.6 3.9748
82.7 3.9808
82.8 4.0194
82.9 3.9784
83 3.9837
83.1 4.0473
83.2 3.9926
83.3 4.0034
83.4 4.0138
83.5 4.0058
83.6 3.9656
83.7 4.0032
83.8 4.0467
83.9 4.0125
84 3.9943
84.1 4.0252
84.2 4.0132
84.3 4.0034
84.4 4.0292
84.5 4.0021
84.6 3.9534
84.7 4.052
84.8 4.0175
84.9 3.9757
85 4.0038
85.1 3.9914
85.2 4.0162
85.3 4.0243
85.4 3.9765
85.5 4.0433
85.6 4.0105
85.7 3.9915
85.8 3.9967
85.9 3.9744
86 4.0288
86.1 3.9947
86.2 3.9869
86.3 3.9917
86.4 4.0021
86.5 4.0537
86.6 3.9927
86.7 4.0139
86.8 3.9929
86.9 3.9688
87 4.0374
87.1 4.0245
87.2 4.0361
87.3 4.0347
87.4 3.9915
87.5 4.0343
87.6 3.9847
87.7 3.9898
87.8 4.0304
87.9 3.9618
88 4.017
88.1 4.0113
88.2 4.0024
88.3 4.0236
88.4 3.9671
88.5 4.0122
88.6 4.0061
88.7 4.0132
88.8 4.0264
88.9 3.9576
89 4.0191
89.1 4.04
89.2 4.0097
89.3 4.0178
89.4 4.0073
89.5 4.0016
89.6 4.0205
89.7 4.0183
89.8 3.9922
89.9 4.0112
90 4.0387
90.1 4.0785
90.2 3.9439
90.3 4.0417
90.4 3.996
90.5 3.9966
90.6 4.0232
90.7 4.0121
90.8 4.0385
90.9 3.9986
91 3.9905
91.1 4.0044
91.2 4.0536
91.3 3.933
91.4 4.0054
91.5 4.0275
91.6 4.0495
91.7 3.9961
91.8 4.0455
91.9 4.0165
92 4.0296
92.1 4.0042
92.2 4.0173
92.3 3.9869
92.4 3.9986
92.5 4.0031
92.6 3.9934
92.7 3.9734
92.8 3.977
92.9 3.9931
93 4.0567
93.1 3.9688
93.2 4.0704
93.3 3.9958
93.4 4.0197
93.5 3.9944
93.6 4.0307
93.7 4.0435
93.8 3.9973
93.9 4.0177
94 4.0318
94.1 4.0029
94.2 3.9689
94.3 4.0151
94.4 4.0167
94.5 4.021
94.6 4.0367
94.7 3.9803
94.8 3.9789
94.9 4.0318
95 4.0012
95.1 3.9672
95.2 4.0497
95.3 4.0313
95.4 3.9811
95.5 4.0722
95.6 4.0584
95.7 3.9601
95.8 4.0228
95.9 4.0601
96 4.0557
96.1 4.0156
96.2 3.9395
96.3 3.9799
96.4 4.0128
96.5 4.0016
96.6 4.0382
96.7 4.0659
96.8 3.9811
96.9 4.0394
97 4.039
97.1 4.0506
97.2 4.0484
97.3 3.9646
97.4 4.0044
97.5 3.9583
97.6 4.0421
97.7 4.0281
97.8 4.02
97.9 4.032
98 3.9397
98.1 4.0027
98.2 4.0287
98.3 4.0196
98.4 3.9875
98.5 4.0189
98.6 3.9991
98.7 4.0223
98.8 4.0678
98.9 3.9783
99 2.0497
