1900663.555421825
378
-7.472902967978971 -17.76207612235526  36.28744252471596 -1 2 0.001 4 0
-9.228432364569606 -1.432293796946934  59.30796247676815 -1 2 0.001 4 0
 1.992338464361927 -6.491439484232205  60.43428429584377 -1 2 0.001 4 0
0.6934135815386934  5.796637091619283   60.7516723473627 -1 2 0.001 4 0
 2.102390599302237 -19.88219193689099  41.10996339807993 -1 2 0.001 4 0
-0.6934135909090769  -5.796637012343876   22.49369663059836 -1 2 0.001 4 0
0.8703957672500787 -15.87039417668168  29.48359533125376 -1 2 0.001 4 0
16.05421705888153 11.69586286129416 43.95793485955124 1 2 0.001 7 0
-19.75257092726022  3.142958545865968  41.38629515552601 -1 2 0.001 4 0
-11.85240121560889   16.0771986062196  42.61725729474563 -1 2 0.001 4 0
-15.72638898246583  12.12140160730047  44.01912211912148 1 2 0.001 7 0
-4.489173824601878  2.292278890824256  60.97684103591668 1 2 0.001 7 0
-5.632896632826402 -3.337400472866646  22.72214588460626 1 2 0.001 7 0
-6.304936068005806  3.051973845674717  22.89094296811592 -1 2 0.001 4 0
2.471968187165673 9.437526475640839 24.16123727495055 1 2 0.001 7 0
-2.383031960426141  11.97910496577114   25.7835821290973 -1 2 0.001 4 0
 18.80748606382796 -3.448999719797267   47.4855735380747 -1 2 0.001 4 0
 19.10717111396137 -1.058477408913662  35.81402366104606 1 2 0.001 7 0
 18.44275086418993 -6.498027910825661   37.4237354890484 -1 2 0.001 4 0
 9.454986677792169 -4.053754130320604  24.47289710708826 1 2 0.001 7 0
 1.567571651827811 -18.79596013831879  34.96611085154463 1 2 0.001 7 0
-17.19630519920236 -6.781174750985026  49.25676642698825 -1 2 0.001 4 0
-14.52694972556126 -6.648474001259064  53.65740462011519 1 2 0.001 7 0
-9.272248751866641 -11.08593644044039  55.44938014954296 -1 2 0.001 4 0
-11.71739264666644  2.779078823542089  57.58880096439687 1 2 0.001 7 0
-16.19935966105578  7.179995410394785  50.89724779510503 -1 2 0.001 4 0
-12.45584173574337  11.17476218300675  30.66868357924072 -1 2 0.001 4 0
-16.17354387787336 -1.409969909951594  29.94344967828146 -1 2 0.001 4 0
-17.54354577554238  3.730902473695215  32.77425217506926 1 2 0.001 7 0
-17.08793296324544 -9.462371607270356  37.34117614967195 -1 2 0.001 4 0
-19.43532468989426 -4.701243546751569  42.05805624070513 1 2 0.001 7 0
-10.59927531581508 -8.458068786323372  26.92132833609509 -1 2 0.001 4 0
-11.69486120841847  -13.4853099233654  32.59339772055237 1 2 0.001 7 0
-14.62083800783706  -13.6392637275525  41.29857269497761 1 2 0.001 7 0
-10.72525346580458 -16.47294494616742  45.28857315203349 -1 2 0.001 4 0
-8.046705273084292  12.95778477120916  54.55948707899589 -1 2 0.001 4 0
0.6241375219791304  19.38018586792201  46.51720123005922 -1 2 0.001 4 0
-7.054955320692916  17.44959233576023  48.39475782499336 1 2 0.001 7 0
  6.04205257312915 0.1529901410293995  60.68922545099493 1 2 0.001 7 0
-5.781868804786548 -17.69986387904193  48.91051876531966 1 2 0.001 7 0
2.520124182778945 -17.8798829590444 50.22197918990763 -1 2 0.001 4 0
-2.474203707885614 -12.88011741229837  26.52396679311007 1 2 0.001 7 0
-7.837818774140649  10.90519316172783  26.79814392316896 1 2 0.001 7 0
12.26277534953852 11.46456972841442 52.48791463394229 1 2 0.001 7 0
 12.39602560210416 0.9073944374616215  57.29234530224352 -1 2 0.001 4 0
16.42153930127982 6.864668329195005 50.75128827472713 -1 2 0.001 4 0
 16.91981629843671 -1.157290013775946  52.22313765481243 1 2 0.001 7 0
 13.24082804606071 -14.47213305030472  45.52818818736623 -1 2 0.001 4 0
 15.61737343407552 -12.48962797526527  42.06015988783314 1 2 0.001 7 0
 13.58329002064474 -12.59574534302796  34.08408105975596 1 2 0.001 7 0
 11.30875306423496 -8.181732749863334  27.29809138385076 -1 2 0.001 4 0
10.79689081292541 5.978666759312346 25.87993771952192 1 2 0.001 7 0
15.63867584782957 0.320269155162696 29.15467437291284 -1 2 0.001 4 0
18.79413522243782 6.339210314389015  39.0204448809444 -1 2 0.001 4 0
9.866349537812107 12.84464405555286 29.88671173895192 -1 2 0.001 4 0
10.64542642542472 16.90952477060443 40.71306077894492 -1 2 0.001 4 0
7.765980740419404 12.57675905181743 55.09501862736006 -1 2 0.001 4 0
2.082953462181763 15.13908417046244 54.52456605154863 1 2 0.001 7 0
 7.548442520440631 -15.23858135072685  52.15634651005017 1 2 0.001 7 0
 10.29302688369223 -11.34493819360335  54.48405836034495 -1 2 0.001 4 0
-2.36010799219026 -12.1432954501167 57.33844894752754 1 2 0.001 7 0
 9.314624803888892 -15.70235371618393  33.46553456742426 -1 2 0.001 4 0
6.601045707537186  2.83840706550872 22.95831328659096 -1 2 0.001 4 0
 5.89558855421306  18.6505118551636 37.47200230851675 1 2 0.001 7 0
-7.042737460746388  17.98836570673125  36.42698371118352 1 2 0.001 7 0
0.3201294814128676  18.58957646966851  34.25277601845572 -1 2 0.001 4 0
-4.687775715460877e-09   3.96373645493176e-08      41.62268448898855 0 20 1000000 3 0
-8.937708552370786  13.09464098185598 -53.80661557066111 -1 2 0.001 4 0
-17.84192858346119 -7.538074542872431 -36.63996392176679 -1 2 0.001 4 0
-13.65306133539712 -13.79750538751562 -46.44007466599459 -1 2 0.001 4 0
-9.386154807569346 -16.42848924293789 -35.14157035812443 -1 2 0.001 4 0
-6.903952917917388  4.255900066442769 -59.90402014882601 -1 2 0.001 4 0
  9.38615481562983  16.42848920436779 -48.10379851240368 -1 2 0.001 4 0
 1.533730579467631  12.78377867640793 -56.92651270604873 -1 2 0.001 4 0
  13.6820629466136 -14.38444045232308 -39.19915105939153 1 2 0.001 7 0
-10.98083141846769  11.17835108389793 -29.19031000298196 -1 2 0.001 4 0
-1.208773542094052  2.187815200314069 -21.78087921599167 -1 2 0.001 4 0
-6.264458173168399  4.459128390032761 -23.16019984798263 1 2 0.001 7 0
-14.31672997750136 -12.59798986442052 -35.59669953168083 1 2 0.001 7 0
 7.175662810165718   18.5743546910379 -43.52040320466851 1 2 0.001 7 0
 9.394002420474694  17.20146866968453 -37.64687045289321 -1 2 0.001 4 0
 16.87444701615494  9.344515065582469 -36.32997750557638 1 2 0.001 7 0
 13.85500872271562  10.36059576375023 -31.58516740535674 -1 2 0.001 4 0
 6.627509797318349 -14.80535940194716 -53.32174623739043 -1 2 0.001 4 0
  15.3642780088915 -6.741082788295873 -52.50577534596267 1 2 0.001 7 0
 11.56462253513221 -6.163982284543137 -56.73080900140049 -1 2 0.001 4 0
 15.27739717370176  8.409902738195012 -51.41143178156671 1 2 0.001 7 0
-2.816907580441857   8.95930324471966  -59.2819961201557 1 2 0.001 7 0
-18.70860546031269  6.233341604774782 -38.28952006816973 -1 2 0.001 4 0
-19.79847542398124  1.262927662489719 -39.07428330961502 1 2 0.001 7 0
-19.54210515452102 -2.095237476174787 -45.33296789238814 -1 2 0.001 4 0
-16.49418829299317  -5.83038379639798 -31.93321479272061 1 2 0.001 7 0
-13.12195745126637 0.7943300758055277 -26.55044559820639 -1 2 0.001 4 0
 3.994437138256238  12.88167547585097 -26.85378648929888 -1 2 0.001 4 0
-3.308847273379204  18.89782215883904 -35.97468398742856 -1 2 0.001 4 0
-3.784075123236521  16.24330463315756 -30.58519309893957 1 2 0.001 7 0
-12.11997478623239  15.90420707719785 -41.78897140165137 -1 2 0.001 4 0
-14.59145901578481  12.50021357776347 -36.06777047186135 1 2 0.001 7 0
-0.8740665529817333   19.67557864826415  -45.10421425282667 -1 2 0.001 4 0
-7.385297601376518  17.32059918646898 -48.37587666952935 1 2 0.001 7 0
-14.90834890851819  12.50173534580172  -46.2434218269522 1 2 0.001 7 0
-16.23617129601483   7.87436603749491 -50.23713849338168 -1 2 0.001 4 0
-7.838568865326564 -8.348446749955565 -25.22528258783763 -1 2 0.001 4 0
 5.588993998016996 -9.082628634271863 -24.70504724509378 -1 2 0.001 4 0
-1.306263917107671 -5.419448788048828 -22.41214324840456 1 2 0.001 7 0
 -8.39545760730773 -18.12435440793564 -42.66520976864027 1 2 0.001 7 0
-15.97251976976054  2.485899663862008 -53.39241819779288 1 2 0.001 7 0
-11.64659653008013 -3.426446602483341 -57.51624804773714 -1 2 0.001 4 0
 2.613639131649813  16.25927350996946 -52.97148615225217 1 2 0.001 7 0
 9.290698294873076  13.12830404550358 -29.72931650472519 1 2 0.001 7 0
 5.691434810712558 -18.53298107027491 -36.72355932504551 1 2 0.001 7 0
-1.865863120915144 -19.53895843946513 -45.46595701133175 -1 2 0.001 4 0
 7.457832678464054 -18.51565196354344 -42.91628246395153 -1 2 0.001 4 0
 3.369743548689286 -17.86352877493947 -49.96104639428464 1 2 0.001 7 0
-0.3783919161227576  -7.150972486911925   -60.2971465453769 -1 2 0.001 4 0
 4.211605813767634 -6.450189581212984 -60.08188205917473 1 2 0.001 7 0
 8.017483327468559 0.8475779143301329 -59.92543516091231 1 2 0.001 7 0
 12.85162809299194  6.220913484669099 -55.62834420835218 -1 2 0.001 4 0
 19.54036527461411  3.954289391052997 -43.26253298655006 1 2 0.001 7 0
  18.05479489043573 0.03210087002592201  -50.23345572026488 -1 2 0.001 4 0
 16.28729058333086 -10.89419155551821  -45.6497817990464 -1 2 0.001 4 0
 19.32849652166593  -0.30015040147643 -36.48635094771929 -1 2 0.001 4 0
 14.59841375918431 -10.03133421876311 -32.33058048555296 -1 2 0.001 4 0
 1.648512518978146 -18.11019558306378 -33.29848270473126 -1 2 0.001 4 0
-0.473039306526521 -14.93995739007361 -28.33498264413004 1 2 0.001 7 0
-8.576233341967157  -8.58153963531052  -57.5272995621179 1 2 0.001 7 0
-6.663525955711536 -12.99262850370886 -55.29228540785035 -1 2 0.001 4 0
-16.84470026280817 -7.389030292372389 -49.47591893603487 1 2 0.001 7 0
4.379405245966014 4.669635172143487 -60.5668276079067 -1 2 0.001 4 0
 17.41725541830382  9.489671241244142 -44.18675629866189 -1 2 0.001 4 0
 14.43319132734312 -5.180170292254318 -28.79004861218725 1 2 0.001 7 0
 6.642032568061537  3.518732500103273 -23.08411162893568 1 2 0.001 7 0
 12.95589633507671 0.6123616856063401 -26.39901375431922 -1 2 0.001 4 0
 4.046583171029942e-09 -1.929625039583609e-08     -41.62268443525797 0 20 1000000 3 0
-48.23728727047099 -15.48991144306979  22.18346931771302 -1 2 0.001 1 0
 36.40717260139438  12.63003007657469 -82.16654213423159 -1 2 0.001 1 0
 3.480069993767366  -47.9143721537844 -90.84558461945566 -1 2 0.001 1 0
-31.05148527476195  8.784029858350051 -30.67753959320169 -1 2 0.001 1 0
 34.58481483880488  17.58947496936029 0.6331323162651366 -1 2 0.001 1 0
-52.57492090073437 0.8734477996731567   43.8655668227106 -1 2 0.001 1 0
 45.48428346790339 -20.88539322452272 -53.95457934475412 -1 2 0.001 1 0
-28.47519323845021  46.94276006950106 -60.21537778146998 -1 2 0.001 1 0
-34.6159545560533 -16.7350780967514 7.654298843032877 -1 2 0.001 1 0
-20.15548339131093  16.52510979604463  -74.9916925104487 -1 2 0.001 1 0
 50.34251377137042  8.223477942470147 -45.68288424269059 -1 2 0.001 1 0
 1.674051538214808 -43.20133791033194 -31.04429056351333 -1 2 0.001 1 0
-10.26049885336625  50.27906316513469  22.25188963870383 -1 2 0.001 1 0
 31.49725014816082 -29.62673556821667  90.89922654853565 -1 2 0.001 1 0
 9.234724920811519 -21.07669558804458  87.68811240855717 -1 2 0.001 1 0
-19.46784590036051 -13.18089828438245 -87.83885711202285 -1 2 0.001 1 0
-42.91972005774971  32.12392274339224 -81.77528319679384 -1 2 0.001 1 0
  37.18973705952932  -29.93056403847916 -0.8115853073604851 -1 2 0.001 1 0
 11.78486612951933 -29.31225945402807   3.40640068971631 -1 2 0.001 1 0
36.87087935673225 11.20887541257606 41.65091175407187 -1 2 0.001 1 0
 50.06912212721492 -5.491487898716866 -66.87983560902073 -1 2 0.001 1 0
 26.74594511213638 -1.379583425376008 -3.402271301875704 -1 2 0.001 1 0
-50.16183770469328   12.6643276779341  87.12796580121955 -1 2 0.001 1 0
47.24950224257289 26.00377058386744 13.30898169686856 -1 2 0.001 1 0
-27.07620696772091  21.40061271361454  33.11889987691304 -1 2 0.001 1 0
-3.921631779140759 -38.67821575995239  42.31435007313189 -1 2 0.001 1 0
-16.01679672747358  33.17061665247217  97.07715109860507 -1 2 0.001 1 0
 2.99434293526021  34.4498709493114 25.99453956331441 -1 2 0.001 1 0
29.35887004485167 29.17784515778287 -48.0954988277851 -1 2 0.001 1 0
 31.7728523061464 23.60083733893631 8.629016289152762 -1 2 0.001 1 0
-28.40442330011562 -19.87539123928738 -13.24484920508247 -1 2 0.001 1 0
 22.36780424077648 -33.01499232317506  17.01048334942901 -1 2 0.001 1 0
 34.07967525375023 -17.59038729383645 -97.23175564281723 -1 2 0.001 1 0
-26.50891133718778 -19.53567008281021 -81.23161687505635 -1 2 0.001 1 0
 7.744989557307234  42.01001529472865 -86.38667538525608 -1 2 0.001 1 0
-21.91719642762421    26.265099330992 -53.53694068801517 -1 2 0.001 1 0
 15.96158801572985  10.00316768849967 -13.80425136903855 -1 2 0.001 1 0
-52.03828176515967  13.01710637544779 -98.32974471822223 -1 2 0.001 1 0
-46.46058014936829 -6.320137227603273 -95.13917262609922 -1 2 0.001 1 0
 6.935169543576219 -47.40206072583039 -99.89771410140069 -1 2 0.001 1 0
 19.06766236917975 -24.03014376986712 -70.47897068576216 -1 2 0.001 1 0
27.52410011666448 29.66464588961082 21.08787265078217 -1 2 0.001 1 0
 -44.81571341314868   16.45223827305843 -0.7466134538939215 -1 2 0.001 1 0
-43.02962408816165 -4.460468707837283 -46.51672981080881 -1 2 0.001 1 0
2.628400889612379  51.8617510010745 -99.7902805555549 -1 2 0.001 1 0
 22.67847679684381 -42.52876418250271 -63.47614462811112 -1 2 0.001 1 0
 23.52221694135222 -15.17411051099737  -53.1898559752234 -1 2 0.001 1 0
-46.71780561024054  27.71295949402656  -60.6455258007243 -1 2 0.001 1 0
 -8.02588923026569 -3.582277426241117 -81.77713969037799 -1 2 0.001 1 0
-37.06680472437612  21.29531397607003   7.36253218522727 -1 2 0.001 1 0
-22.14363764143128 -25.09784945893196  98.36899211786863 -1 2 0.001 1 0
-47.54598965340853 -23.09298379237168 -37.20747275371382 -1 2 0.001 1 0
 17.19559461971098 -44.31079803023436 -78.25701319146974 -1 2 0.001 1 0
 17.12509195247147 -38.68682676137665 -39.10087580623902 -1 2 0.001 1 0
-31.43883202223221    29.935676872082 0.5204834097629849 -1 2 0.001 1 0
 3.647206240023966  18.54964665416899 -11.18207078570979 -1 2 0.001 1 0
 9.780890069686237 -33.20990049678379  99.09667288022729 -1 2 0.001 1 0
 8.325656543636539  54.02817317243941 -34.61844324791048 -1 2 0.001 1 0
-25.45329902698023 -36.86856034601577 -80.16129454198551 -1 2 0.001 1 0
 44.00239029721745  5.008094710631783 -24.65921324509116 -1 2 0.001 1 0
25.59653047267939 31.00012815172819 85.62855264525099 -1 2 0.001 1 0
9.800963668883739  19.9455142455248 81.82530114446173 -1 2 0.001 1 0
-37.72021016476033 -2.433132243297262 -72.30463853034072 -1 2 0.001 1 0
-20.74861608092938  36.05906579421454 -63.40631097258928 -1 2 0.001 1 0
 35.61601318636846 -30.56339593264149 -79.99542619484509 -1 2 0.001 1 0
 27.83923440200489  30.14823284812334 -23.66509560148126 -1 2 0.001 1 0
 23.84820243028541  36.79182666638495 -81.29847150735594 -1 2 0.001 1 0
-7.170314083288126 -41.47129897186989  63.76251502429272 -1 2 0.001 1 0
 -15.5248434638411   43.3739840048414 -55.33081908107163 -1 2 0.001 1 0
27.72697269602972 35.66985770036577 76.11879058662355 -1 2 0.001 1 0
35.53500380554741 -8.29527473709582 44.88066952307707 -1 2 0.001 1 0
 26.82256591883053 0.8763240306428566 -70.08208576123097 -1 2 0.001 1 0
-15.00076660268249 -35.89641756652726  53.67793463117502 -1 2 0.001 1 0
-1.312865874625607  18.36615933724158  -94.6576799868299 -1 2 0.001 1 0
-31.88772237338512  5.913138305195044 -12.90881933656586 -1 2 0.001 1 0
 9.811054255180366  -25.0799805202203 -97.15782733148379 -1 2 0.001 1 0
 0.774621013015329 -50.76869608409292 -87.17740183198291 -1 2 0.001 1 0
 4.424779566932582 -50.88312256551679  67.02550405702564 -1 2 0.001 1 0
 34.90317217818715 -29.88455394775443 -69.60257798669822 -1 2 0.001 1 0
-44.93720388102024 -18.20937978227449  -13.0209622240879 -1 2 0.001 1 0
   28.370331551367 -43.57477650465595  93.66296626603959 -1 2 0.001 1 0
 5.739992382617714 -23.53772915557212  19.64056915172712 -1 2 0.001 1 0
-2.977640221716943 -53.90686363704279  81.07001648743436 -1 2 0.001 1 0
20.19983956148563 8.625059993610897 77.06033975563933 -1 2 0.001 1 0
 37.85303566884596 -33.63505123142353 -20.93161644798508 -1 2 0.001 1 0
15.83902353059824 33.29841920150764  24.9439297806618 -1 2 0.001 1 0
-19.96769053065133  6.342330116269741   -92.970950822086 -1 2 0.001 1 0
-24.38100937341319  11.85476683341159  24.76166378504257 -1 2 0.001 1 0
 42.53203752514008 -14.44100042978138  -26.0086681509977 -1 2 0.001 1 0
-47.63803494032575  4.712714273122899 -34.17057282204878 -1 2 0.001 1 0
-11.16237897960084  49.79802546002321 -24.18581191783545 -1 2 0.001 1 0
-37.47358722148677  -40.1056751072302  1.223474333275137 -1 2 0.001 1 0
 47.07673418045688 -27.49844958518906  30.19512397998428 -1 2 0.001 1 0
31.05631954285155 4.767441743917542 -88.3564249965313 -1 2 0.001 1 0
-51.87522013487136  4.996901621341944   92.0695394529582 -1 2 0.001 1 0
15.50789752602059 8.362470101724234 91.20299899753614 -1 2 0.001 1 0
-32.42377569326239  14.42629340942734  76.07691342207096 -1 2 0.001 1 0
-29.70108334062891  18.03381083697769  68.07619127226306 -1 2 0.001 1 0
-21.46607425921879 -16.27275098472797 -26.07578975010057 -1 2 0.001 1 0
 5.637590806801011 -51.92327488114229  15.29077179191829 -1 2 0.001 1 0
 -12.4636546273904 -27.86244045205508  77.50814179357387 -1 2 0.001 1 0
-37.90868725443165 -38.93230178549118 -77.08938117843293 -1 2 0.001 1 0
-35.28090329298467    3.8076403883907   53.9872868570203 -1 2 0.001 1 0
 17.41437792523722 -35.11756656135504  50.66889485802853 -1 2 0.001 1 0
-46.93243381985338 -6.580365449685917 -38.45605742147178 -1 2 0.001 1 0
 34.29274754480774 -29.04192456354458  48.48141064137207 -1 2 0.001 1 0
 19.0736023561949 39.77000543698703  61.6118868914618 -1 2 0.001 1 0
 5.603275127333752 -51.73017565957578 -49.69599653263221 -1 2 0.001 1 0
  27.8090143948275  28.47897073492252 -97.36271880144602 -1 2 0.001 1 0
-13.19155087733944 -14.31029072292082   68.7986136906527 -1 2 0.001 1 0
-29.96881026639641  30.24416544576499  61.93075162435652 -1 2 0.001 1 0
0.8338834542968279 -17.58151592517807  99.73805609631664 -1 2 0.001 1 0
-16.26205357447503 -16.76762553065216 -6.049429732330553 -1 2 0.001 1 0
 -31.3329698167441  26.61001862500688 -31.48722544293329 -1 2 0.001 1 0
-2.423948034811101 -43.28270235302319  79.37266741406563 1 2 0.001 5 0
 26.16316746828375  23.26303217107592 -37.17130020899527 1 2 0.001 5 0
 41.12346651767052  21.15677472440017 -42.99526587258279 1 2 0.001 5 0
 12.44990858934194  13.24869423724653 -8.838755741005869 1 2 0.001 5 0
 27.00098679567202 -29.84086568622386 -63.93386880304625 1 2 0.001 5 0
-34.43388171823311   -8.8146675280412  82.68773300004204 1 2 0.001 5 0
-22.04118590163147 -33.62592905629018  -72.1000977860097 1 2 0.001 5 0
-46.36466106229084  25.14462044531033 -74.67996746980963 1 2 0.001 5 0
 5.296676398283299  41.74458856622935 -68.87431749892869 1 2 0.001 5 0
-39.20734154642327 -21.08725425707968 -90.67478626100539 1 2 0.001 5 0
24.13200441876205 37.72599873150916 18.96124217703736 1 2 0.001 5 0
-45.42399022400635  26.13317302981827  45.00867976782443 1 2 0.001 5 0
-1.272687982123231  13.74150730481251  14.42710674243646 1 2 0.001 5 0
-0.8343603022746926   10.30282627500004  -70.76224541975772 1 2 0.001 5 0
  54.15118899316632  -5.020576755929905 -0.6931403459678478 1 2 0.001 5 0
25.70022205537697  -24.257935208923 44.02419900765277 1 2 0.001 5 0
-2.500972071440861  52.44126859861366  -50.7557857521259 1 2 0.001 5 0
35.06121251505708 29.53128643156285 92.43345334844548 1 2 0.001 5 0
-12.77664218984297 -25.04422567703157  38.30338912315919 1 2 0.001 5 0
 46.97709606223471 -17.04134720480801 -59.70261701780882 1 2 0.001 5 0
-35.13604745806471 -20.48664043131363  5.277908268696503 1 2 0.001 5 0
-15.32354996618408 -45.12675619320055  4.931172181127611 1 2 0.001 5 0
-19.32085260138177 -22.52443733364945  80.79638959995822 1 2 0.001 5 0
-27.42205992941975  12.42192717823664 -56.00578006909958 1 2 0.001 5 0
  13.7543718058898  46.64441809177334 -74.06705321760472 1 2 0.001 5 0
25.11064696264863  6.59357845027939 90.15865113597431 1 2 0.001 5 0
 22.72176296566191  8.613407433193991 -10.58633439553968 1 2 0.001 5 0
 12.09899060472196  -5.95335998063236 -24.19994457462769 1 2 0.001 5 0
-25.25778435339461  7.735893712261953  20.59654310345494 1 2 0.001 5 0
47.08213390772328 18.21989643050532 50.52991724449689 1 2 0.001 5 0
3.762739153593415 33.11093936295033 35.86420606730858 1 2 0.001 5 0
-0.2420862823111145  -54.10913567030001  -96.84782227758279 1 2 0.001 5 0
 15.03742257517904 -39.79367054584289 -50.67758452820338 1 2 0.001 5 0
-13.08714894231827  -28.1043159907007  68.00954598549596 1 2 0.001 5 0
 35.54840588437131 -1.877668476861126 -83.34623557650012 1 2 0.001 5 0
-23.85769509302667  44.31604880419591  -95.9042917480535 1 2 0.001 5 0
-7.475390621056018 -25.43968882064475  93.04748457941989 1 2 0.001 5 0
-4.891592344755509 -35.68948927395027  26.02338657431796 1 2 0.001 5 0
-8.571651431371563 -11.96528765044318  2.001671970183098 1 2 0.001 5 0
 37.96275720609388 -39.46904399110147 -71.01930259263395 1 2 0.001 5 0
-14.75066406547027  47.69013278982674 -35.95612204901166 1 2 0.001 5 0
 13.21629146838959  26.44894560047616 -84.48383655570913 1 2 0.001 5 0
-23.06224314235855   24.6337662207372  53.80465663557618 1 2 0.001 5 0
1.412033314737787 30.82485509384049 -28.0307520043185 1 2 0.001 5 0
-35.86811785302789  21.88378062607011  77.50917328481543 1 2 0.001 5 0
-30.67818412165582  21.86179103961776 -64.64325113053694 1 2 0.001 5 0
 13.57196075266671 -34.17547093873794  36.26394305873048 1 2 0.001 5 0
 5.014700770940122   -31.224922550129 -42.85350853745799 1 2 0.001 5 0
28.27987313440052 30.76896034656968 70.75276265722555 1 2 0.001 5 0
-4.832634769527179 -18.34138454820143 -25.70227175013563 1 2 0.001 5 0
-24.82316480610289  8.893010846459239  42.98885814413293 1 2 0.001 5 0
8.772102595809818 43.22721300382288 62.34625354188137 1 2 0.001 5 0
-33.46841330661442  21.83047829006042  54.36671499362124 1 2 0.001 5 0
-20.28765533952765 -11.35675639640758  20.66500762204777 1 2 0.001 5 0
 36.50685135776985 -22.68911418475947 -20.23911594418183 1 2 0.001 5 0
 40.12675981227001 -11.52819047665393 -33.33505382622308 1 2 0.001 5 0
  45.8221300257979  19.43117612390521 -56.65036936974215 1 2 0.001 5 0
 36.79570602192778  18.22323676913205 -51.64598552190934 1 2 0.001 5 0
-33.84484520007362 -38.61679337874835 -73.65083540705271 1 2 0.001 5 0
 14.50977535880769  15.04093591810574 -85.16673332516567 1 2 0.001 5 0
-14.80810597087749   33.1601550946572   46.0137684153205 1 2 0.001 5 0
 35.08357057674054 -23.92186975669932  36.55277108715048 1 2 0.001 5 0
-34.21387306329841  32.08031365914829 -83.67203085705341 1 2 0.001 5 0
-9.744237040601252  7.886803226364265  -83.1034907494857 1 2 0.001 5 0
11.86770946214217 -53.3926565076625 9.966939453755153 1 2 0.001 5 0
-45.36434353278389  7.163614304833889 -38.85801268194989 1 2 0.001 5 0
-7.431767076976069  44.63105320564171  14.97013889204518 1 2 0.001 5 0
 22.34066288234332 -47.31161342567273 -59.92325788108152 1 2 0.001 5 0
-16.77634382057825  7.428240557099603  58.63887194065187 1 2 0.001 5 0
-20.05426120300105  21.44932322966594  99.52767436178162 1 2 0.001 5 0
-12.0327912949865 28.71922396187239 -68.6821859244878 1 2 0.001 5 0
  28.0668963267952  16.97072112382917 -64.11195503774874 1 2 0.001 5 0
-11.89116773428128 -23.76485671565858 -70.99937645609648 1 2 0.001 5 0
0.7725211709066606   26.2907796142715 -21.11423052698941 1 2 0.001 5 0
-26.84466724956263  3.205970061291001 -91.82041987701045 1 2 0.001 5 0
 38.4682822340458 11.20177743302373  3.76416933648376 1 2 0.001 5 0
 21.27549865112095  3.416831719349357 -91.02873276648467 1 2 0.001 5 0
 46.29844767704752 -8.457901841419993 -92.59105943647435 1 2 0.001 5 0
-25.62535330914351 -14.20794482559772  50.49373347727117 1 2 0.001 5 0
-16.76008380817605   20.0085974478984  22.63803750054953 1 2 0.001 5 0
-14.36091494046385 -51.00427052011449  61.14610235991812 1 2 0.001 5 0
-15.04994809888765    35.503298166425  3.996991878350457 1 2 0.001 5 0
 14.28192514295686  6.715742830098247 -70.46650556043059 1 2 0.001 5 0
  32.28428219739499 -0.9399046383314005   71.92663428838759 1 2 0.001 5 0
-44.88741018147241 -23.91811091409744 -15.01095383981298 1 2 0.001 5 0
-21.51714080752024 -4.532858725257562 -67.88694045001542 1 2 0.001 5 0
-38.80436959686539 -5.193706371534049 -65.33057322435523 1 2 0.001 5 0
-45.57081188081739  4.223974896168095 -52.85019101330111 1 2 0.001 5 0
 1.749012912590895 -29.87849396214733  68.67837538892168 1 2 0.001 5 0
 51.11593022357265 0.4065834270043873  22.03834086679241 1 2 0.001 5 0
-17.42401554405239  24.87194479410883 -46.53855686182992 1 2 0.001 5 0
 14.30171008438226 -5.919353183773243  16.62577730928464 1 2 0.001 5 0
-41.83329827073233 -32.99700770074264 -73.67305041023485 1 2 0.001 5 0
 35.68811281262907   31.0189154262902 -91.44245521519937 1 2 0.001 5 0
 51.51402598130888   16.6520260165241 -10.58963823981806 1 2 0.001 5 0
 2.240612948625586 -9.370674240204812  92.56594075353421 1 2 0.001 5 0
26.50829773700874 19.56825973696628 91.73088631714086 1 2 0.001 5 0
-8.360132202868314   -10.706091044668 -67.64039370105536 1 2 0.001 5 0
  11.8425460092987 -37.87647653695747 -5.162367525059948 1 2 0.001 5 0
-37.39245594693703 -31.98983568901083  56.44818197926573 1 2 0.001 5 0
 -46.6651247833835 -1.492675764229116 -11.77881368806908 1 2 0.001 5 0
 42.45007273815969 -29.22466633538397  97.56376353833507 1 2 0.001 5 0
 20.73195205695092 -39.14269234523192  61.38912632367881 1 2 0.001 5 0
 17.76248678080091 -33.22525041406171  92.50556220944307 1 2 0.001 5 0
 14.48783311973187 -32.33880234668231  -83.8010575019799 1 2 0.001 5 0
 36.10214751444786 -6.735488913239518  7.110391531769253 1 2 0.001 5 0
-53.70353365945402 -5.511946169104834  91.11059926843143 1 2 0.001 5 0
-23.07415232053359 -38.74974497935628  30.21984635458498 1 2 0.001 5 0
46.18896192846256 21.59862428332847 45.55463962702879 1 2 0.001 5 0
17.32896738533209  34.4697925538928 3.157705397827174 1 2 0.001 5 0
 -13.5538803013986  43.33049482216376 -51.68299627952479 1 2 0.001 5 0
 14.51121200907838 -10.10708790311638 -21.65694898476896 1 2 0.001 5 0
-25.42599670515357 -36.39744564149991 -89.76997593690419 1 2 0.001 5 0
18.93303854966531 41.99589537747421 56.35152165116723 1 2 0.001 5 0
 21.12956063134502 -22.56136496129569 -80.28050047922791 1 2 0.001 5 0
-22.61206770894866 -26.14354299553214  70.22419347953986 1 2 0.001 5 0
 18.31404787710514 -45.84376368777536  45.32755758524478 1 2 0.001 5 0
 17.47783883926945 -14.92681853505263  24.65077750374956 1 2 0.001 5 0
 29.42658850304697 -39.16548177009793 -63.38504973996832 1 2 0.001 5 0
 39.63712023568461 -4.178670002333616 -76.33807545391797 1 2 0.001 5 0
  25.6634807660526    10.126195510399 -15.38385620933376 1 2 0.001 5 0
-21.87538061093187  17.15340329820982 -20.87482104024473 1 2 0.001 5 0
14.47696824531685 37.24840834938347 82.67767451993097 1 2 0.001 5 0
     1.32892613413  -43.2268814998081 -7.423316567743528 1 2 0.001 5 0
 -26.7167768012961 -1.353183834373489 -17.29805563973511 1 2 0.001 5 0
-3.858736559194904  39.04652568209168  32.35649553141717 1 2 0.001 5 0
19.70052448142857 45.58177352610367  80.6044112598853 1 2 0.001 5 0
-43.27434154269748 -9.363442580339065 -75.87314901734139 1 2 0.001 5 0
8.770569458057533 21.07374989275867 66.63704297041598 1 2 0.001 5 0
 17.78270694131464 -45.68225586995156 -30.91159939113741 1 2 0.001 5 0
4
0 66 0 67  2.840544038270885e-14 -9.089441587139297e-16       41.6226844733329
67 133 1 67 1.866801586140136e-14 2.755429674971497e-14    -41.62268447333283
134 247 2 1 -2.958178935026478 -2.338712955238705  6.864772861474961
248 377 3 1 -2.324964150572217 -1.672847679802317  1.251476895133052
randomstate
4233246628 66135326 888459097 1210965885 1374232929 3399396508 3629190718 2865463953 4097933892 2776281142 1717807771 1252819573 1098687104 2883899368 828080966 584024103 4053261468 2925836407 2392977731 2061450229 3943041901 1328296453 4034597123 3412381713 4047609026 2666039331 4072897235 291258980 171896942 2357274798 2894882101 3036117577 1635552449 353977799 507995040 561967908 3225437601 3526352162 1442414278 3160328758 664969893 2214645931 1465495378 2634410184 1655742581 1957792866 200542041 2902815328 1418496027 2947297449 164203282 2794917384 147348734 2909607971 3892332847 1297594433 733108725 2747910827 4013651868 3486505594 3563540678 1787281932 3413993607 2235926951 104405855 2234118559 210304345 3616394091 3131607178 145138138 1007497225 2423273521 759897540 1557464544 3031751213 965138483 401894610 1223938398 1308652219 1853418872 1907437860 2121333372 3615889703 720978593 3734913219 1782040825 3928283535 3989703004 1104574704 3621006491 3455943031 2364629810 3771478321 1671040454 799854660 887097699 2647870633 1967423387 2253250335 3594458667 2559588368 1852572630 2601087361 570099923 712513271 433902941 1115520932 289155978 1241201830 1108539248 1699789941 2955655389 3890399433 952830982 3366092987 2703128614 384970203 686243685 756294402 2768779105 2206928861 3947823176 3407936035 2399107075 1647080866 3095899972 2586693521 3753576847 317262873 681688101 1184014845 2414209429 3856483811 2137074353 2811472748 4015974287 1696501065 3934145522 915841917 1206023509 3356579361 1878364624 318868514 3083644456 1703572845 253262599 2553164420 3345884979 3292835799 108791349 901205386 1566240282 1803618695 901648557 4234035628 3261948818 1395404217 2024110232 1397801633 3246016793 3534831991 777157742 1670546395 798892206 1556681687 1736746250 3419147544 3438343127 3351567749 2412322586 690238579 349096535 3204433235 1836572673 155085145 1123300868 1048352090 3737845536 2210160194 3773097890 437684843 2962779370 2649631191 1456420015 3211028994 2125205295 1883234035 2261258347 2119120216 647961084 266909982 1955771322 4045680395 3184823615 796941402 155032945 4083079786 3704761023 3974745292 2275513688 2354639794 3485611404 1208169047 4059944952 1669706720 1408227299 2165041177 319492592 3058527459 1281510029 3083070019 2911491939 1048037872 2221116335 1323501409 4201845757 4200684386 1834601365 3795289675 3997998293 2661322969 1153496521 2730687346 4076905448 540490063 1672311750 1508974812 1227757546 2224782455 4000951208 1502759564 2892894416 2561347490 2927701162 479834240 2462661349 673168269 3931638549 3468802112 360430279 1249976007 607484417 3427680684 1418701803 718663627 783995185 862386383 1286346379 3823641030 2972793100 2635388992 4211389987 664183263 3403540293 64756691 1097420325 753752475 1273244402 2174305417 2184720870 1035452488 3439426508 1938438303 2162426856 1247754631 2714660424 2869196823 2096147329 3620587195 662656423 2257444209 2127424300 2446483422 968062648 4277122208 2515226670 455275072 443076321 3147427648 374156332 4060422021 2013678533 878538959 925383904 3058307572 2514018167 231013843 1610490705 3354255970 3035265263 3956785711 4193645459 2920401281 1619133279 3700629250 3332950734 3358998895 142132499 1941386430 3819489301 2859293766 3067411722 620661231 1455493842 3691415279 470488321 3935865754 1317667943 1091648116 2617266624 3432640436 1661578544 2622921320 596602381 2638149096 4274333965 2886650187 540628935 2919994973 2246332947 2429122649 1473428561 3856349269 4121072315 1867265656 3677845553 933327190 3846531869 4181277439 554409823 2855480753 87423828 4260687126 233992146 740843117 3557111649 835969792 2998338535 1658744633 683163985 2899390719 2045869611 3065353412 2454700509 4183579583 903070874 4140775028 1507868182 1438399893 1538835741 525052045 703155116 3394173823 1277682669 2801835949 2968976150 151333182 1947133794 2679559635 3562051722 3774670776 601927275 1108943940 1877987592 3191777548 248355830 2507695251 3297073850 2519579942 4159005768 4188460925 2439399929 1556132897 2563040988 3222686059 1831064114 1948320236 3383441065 652395717 2628394109 1121689760 2625397683 3792050192 111799674 3554921547 1994243489 2612811799 3620507402 1220896373 1471369290 2307382592 241216777 680417954 2884536961 3567857976 697818402 204404647 345783361 3184842775 788351911 248570807 3090731738 612945104 3673252453 1099363569 2299087333 1791528549 266624687 910002839 1532837379 1799267425 354126618 740190407 935535914 2766938937 106565335 4149695402 4151319362 3038241728 2970166021 771245316 1782642453 804556314 1387351491 2772023647 7020946 608559905 557070962 3763536500 3581493765 4025134207 62122925 3070066757 2084959748 3458539073 3994778743 1115544300 3431670108 1654982999 1185919742 2924221378 4026322455 3366522179 4125397197 3502254578 2249819038 3919343841 3803189937 4195673559 681747635 3778674686 984294400 2559357144 1343525365 1221577729 947949073 2853461671 3149741020 1182452919 1247921301 4197341507 3679560579 3414745983 555723594 1084129995 885692400 2896305449 1560036832 1502937635 2770899297 359733725 890391166 2685008795 3622377122 2168736170 2050683371 1663043772 3251574041 1459321020 789176105 3685436370 3769221859 3073687766 1709813783 754884655 3536004245 862207581 4168596630 409302934 659604699 1576505859 2434414284 1567404470 1136178827 694703524 2536973016 3399922042 865678238 683445661 2105203355 436760568 3718383046 853991310 567453081 4217248406 3918430489 3461214866 2881990225 482733749 3572525134 1796357990 482161718 1310522014 2173494525 1741539324 1626455749 1763086801 3033910244 3960026984 640523969 1936411385 4042383993 298823163 710194944 2953654345 430972138 1527663555 3460298742 548614347 2893229071 2448608276 3795432179 3855114453 2108031221 295683618 3639799096 1867322006 3418576424 948891262 3471984842 2329426477 2970299221 276579198 191171137 3940323983 3805316285 4051882587 1768335929 3743243496 635796556 1151616091 3022271461 2428053072 1330633925 3839677418 3211278953 1775114454 4249278243 850136598 1813688210 1267582254 4008759835 4010435972 2019439212 3753452403 3515960237 1074484836 3771825112 927579694 1519347131 1812992551 2181158452 2939088289 4294670361 295916596 2305315319 4186947978 3454331049 1881491398 565050161 3912464170 1464798469 2071053010 4293577731 1484440773 516351155 1893947162 3356655522 1460396397 3147505839 1299845849 745258798 1708331796 282219564 498615637 2619844461 187712539 81962931 668987929 1592413773 2792494935 1184348150 3803097287 130050059 1711316584 2798843864 1313428113 2506025358 1292633369 836859876 873199823 2000234091 3167473040 1077659464 1624240325 2896408850 1112089619 3223836786 3712191576 3546238761 2205435867 1287745752 3547347477 1913121909 270