39.6 0.0001
39.7 0.0003
39.8 0.0004
39.9 0.0048
40 0.0078
40.1 0.0098
40.2 0.0371
40.3 0.0369
40.4 0.1122
40.5 0.1698
40.6 0.2893
40.7 0.4177
40.8 0.6925
40.9 1.0251
41 1.4295
41.1 2.1096
41.2 2.9189
41.3 3.8434
41.4 5.1401
41.5 6.4466
41.6 8.1247
41.7 9.8999
41.8 12.1313
41.9 13.8605
42 16.4397
42.1 18.1197
42.2 20.7883
42.3 22.8639
42.4 24.8716
42.5 26.9156
42.6 28.2696
42.7 30.0002
42.8 30.9865
42.9 31.5896
43 32.6726
43.1 32.7233
43.2 32.4957
43.3 32.6397
43.4 32.6106
43.5 31.9241
43.6 30.4648
43.7 29.7337
43.8 28.82
43.9 27.4092
44 26.4985
44.1 24.8687
44.2 24.0203
44.3 22.7872
44.4 21.6338
44.5 20.5062
44.6 19.3085
44.7 18.8919
44.8 17.6904
44.9 16.5366
45 15.8136
45.1 15.4073
45.2 14.7621
45.3 14.1954
45.4 13.3035
45.5 12.8219
45.6 12.1961
45.7 11.7639
45.8 11.159
45.9 10.8361
46 10.3495
46.1 9.9322
46.2 9.8439
46.3 9.4396
46.4 8.8741
46.5 8.536
46.6 8.3501
46.7 8.0513
46.8 7.8788
46.9 7.5069
47 7.1847
47.1 6.9992
47.2 6.8496
47.3 6.577
47.4 6.4966
47.5 6.3323
47.6 5.9659
47.7 5.9097
47.8 5.7333
47.9 5.7445
48 5.56
48.1 5.4446
48.2 5.2313
48.3 5.0291
48.4 4.902
48.5 4.8636
48.6 4.6757
48.7 4.7242
48.8 4.5859
48.9 4.4267
49 4.2867
49.1 4.2668
49.2 4.1777
49.3 4.1667
49.4 4.1054
49.5 3.8262
49.6 3.862
49.7 3.6579
49.8 3.7254
49.9 3.6469
50 3.6651
50.1 3.5143
50.2 3.5934
50.3 3.3636
50.4 3.3035
50.5 3.3516
50.6 3.264
50.7 3.2324
50.8 3.0981
50.9 3.0913
51 3.1217
51.1 2.9097
51.2 2.9125
51.3 2.9071
51.4 2.8702
51.5 2.8417
51.6 2.8796
51.7 2.9088
51.8 2.6664
51.9 2.6484
52 2.6893
52.1 2.6371
52.2 2.6744
52.3 2.5478
52.4 2.5061
52.5 2.4659
52.6 2.4771
52.7 2.4601
52.8 2.5091
52.9 2.4676
53 2.3612
53.1 2.3433
53.2 2.3699
53.3 2.3518
53.4 2.2973
53.5 2.3018
53.6 2.2802
53.7 2.1112
53.8 2.2229
53.9 2.1859
54 2.2183
54.1 2.1842
54.2 2.1785
54.3 2.1651
54.4 2.1526
54.5 2.0274
54.6 1.9805
54.7 2.0733
54.8 2.0307
54.9 2.2053
55 2.0482
55.1 1.9857
55.2 1.9781
55.3 2.0361
55.4 1.8848
55.5 2.0298
55.6 1.9356
55.7 1.9171
55.8 1.8505
55.9 1.8666
56 1.8785
56.1 1.9247
56.2 1.9744
56.3 1.9443
56.4 1.8578
56.5 1.8357
56.6 1.7842
56.7 1.8423
56.8 1.8364
56.9 1.8679
57 1.9429
57.1 1.7849
57.2 1.7606
57.3 1.7903
57.4 1.7072
57.5 1.7942
57.6 1.7309
57.7 1.7289
57.8 1.7722
57.9 1.7427
58 1.6875
58.1 1.707
58.2 1.8145
58.3 1.6509
58.4 1.7095
58.5 1.7082
58.6 1.6542
58.7 1.6813
58.8 1.7232
58.9 1.7125
59 1.673
59.1 1.6094
59.2 1.6824
59.3 1.7484
59.4 1.6632
59.5 1.6952
59.6 1.7467
59.7 1.6789
59.8 1.5456
59.9 1.639
60 1.5809
60.1 1.7306
60.2 1.6629
60.3 1.5621
60.4 1.5743
60.5 1.6979
60.6 1.6073
60.7 1.5332
60.8 1.6572
60.9 1.7024
61 1.6289
61.1 1.6055
61.2 1.541
61.3 1.7174
61.4 1.5994
61.5 1.5817
61.6 1.6791
61.7 1.6448
61.8 1.5867
61.9 1.5894
62 1.4894
62.1 1.6154
62.2 1.4904
62.3 1.6394
62.4 1.5694
62.5 1.5558
62.6 1.555
62.7 1.4933
62.8 1.5838
62.9 1.5188
63 1.5077
63.1 1.4357
63.2 1.6097
63.3 1.5455
63.4 1.5148
63.5 1.6191
63.6 1.4962
63.7 1.5044
63.8 1.4932
63.9 1.5752
64 1.5152
64.1 1.5328
64.2 1.4657
64.3 1.5726
64.4 1.4521
64.5 1.5351
64.6 1.4841
64.7 1.5475
64.8 1.4241
64.9 1.5511
65 1.4873
65.1 1.5212
65.2 1.4653
65.3 1.4631
65.4 1.5305
65.5 1.5245
65.6 1.4913
65.7 1.4905
65.8 1.4207
65.9 1.4756
66 1.5065
66.1 1.4885
66.2 1.467
66.3 1.4753
66.4 1.4356
66.5 1.5571
66.6 1.4895
66.7 1.4061
66.8 1.4281
66.9 1.5075
67 1.5446
67.1 1.451
67.2 1.4152
67.3 1.4809
67.4 1.4873
67.5 1.5363
67.6 1.5158
67.7 1.4882
67.8 1.4491
67.9 1.471
68 1.4541
68.1 1.4435
68.2 1.4788
68.3 1.3795
68.4 1.446
68.5 1.4878
68.6 1.4763
68.7 1.329
68.8 1.3843
68.9 1.4738
69 1.5839
69.1 1.4302
69.2 1.4426
69.3 1.3771
69.4 1.3802
69.5 1.4022
69.6 1.4706
69.7 1.3977
69.8 1.4847
69.9 1.4204
70 1.3968
70.1 1.4626
70.2 1.3947
70.3 1.4531
70.4 1.385
70.5 1.3857
70.6 1.4894
70.7 1.3829
70.8 1.4798
70.9 1.4582
71 1.4569
71.1 1.3771
71.2 1.4581
71.3 1.3922
71.4 1.3842
71.5 1.5053
71.6 1.4279
71.7 1.4494
71.8 1.5037
71.9 1.4405
72 1.506
72.1 1.4013
72.2 1.3704
72.3 1.3993
72.4 1.5076
72.5 1.4111
72.6 1.4236
72.7 1.3323
72.8 1.4671
72.9 1.4718
73 1.4658
73.1 1.4039
73.2 1.5012
73.3 1.4235
73.4 1.3806
73.5 1.4367
73.6 1.4974
73.7 1.446
73.8 1.3756
73.9 1.4303
74 1.4029
74.1 1.4256
74.2 1.3813
74.3 1.4185
74.4 1.4126
74.5 1.4714
74.6 1.3936
74.7 1.4208
74.8 1.4956
74.9 1.4294
75 1.515
75.1 1.4562
75.2 1.3839
75.3 1.4467
75.4 1.3747
75.5 1.433
75.6 1.409
75.7 1.576
75.8 1.3783
75.9 1.4205
76 1.3818
76.1 1.375
76.2 1.4103
76.3 1.431
76.4 1.5059
76.5 1.5437
76.6 1.3852
76.7 1.4394
76.8 1.4007
76.9 1.3667
77 1.4178
77.1 1.3955
77.2 1.4975
77.3 1.4442
77.4 1.3937
77.5 1.4378
77.6 1.4379
77.7 1.4597
77.8 1.4574
77.9 1.4176
78 1.3651
78.1 1.3933
78.2 1.4513
78.3 1.4309
78.4 1.3785
78.5 1.4299
78.6 1.4235
78.7 1.4096
78.8 1.3981
78.9 1.501
79 1.3971
79.1 1.3517
79.2 1.3717
79.3 1.396
79.4 1.4523
79.5 1.3243
79.6 1.4101
79.7 1.3909
79.8 1.3227
79.9 1.3607
80 1.387
80.1 1.3437
80.2 1.4702
80.3 1.3425
80.4 1.3544
80.5 1.2913
80.6 1.389
80.7 1.3828
80.8 1.3596
80.9 1.3941
81 1.3827
81.1 1.3977
81.2 1.3721
81.3 1.3336
81.4 1.385
81.5 1.353
81.6 1.3302
81.7 1.3729
81.8 1.4082
81.9 1.4377
82 1.3911
82.1 1.4006
82.2 1.4444
82.3 1.3438
82.4 1.3625
82.5 1.4172
82.6 1.3419
82.7 1.3572
82.8 1.3502
82.9 1.3571
83 1.3359
83.1 1.3797
83.2 1.3231
83.3 1.5134
83.4 1.3925
83.5 1.3528
83.6 1.3789
83.7 1.397
83.8 1.3749
83.9 1.409
84 1.3506
84.1 1.3394
84.2 1.3908
84.3 1.3803
84.4 1.3548
84.5 1.3829
84.6 1.3423
84.7 1.4332
84.8 1.4252
84.9 1.3736
85 1.4091
85.1 1.3933
85.2 1.3482
85.3 1.3889
85.4 1.3237
85.5 1.4286
85.6 1.3371
85.7 1.367
85.8 1.3395
85.9 1.3034
86 1.2745
86.1 1.365
86.2 1.298
86.3 1.3415
86.4 1.3668
86.5 1.2915
86.6 1.3309
86.7 1.3186
86.8 1.3743
86.9 1.3608
87 1.3147
87.1 1.3601
87.2 1.3857
87.3 1.3978
87.4 1.3563
87.5 1.3551
87.6 1.3971
87.7 1.4298
87.8 1.412
87.9 1.3492
88 1.3925
88.1 1.3844
88.2 1.3866
88.3 1.4612
88.4 1.3008
88.5 1.3763
88.6 1.5102
88.7 1.3366
88.8 1.4167
88.9 1.4605
89 1.3833
89.1 1.3525
89.2 1.4352
89.3 1.3373
89.4 1.4932
89.5 1.4469
89.6 1.3334
89.7 1.4084
89.8 1.4197
89.9 1.4984
90 1.4039
90.1 1.4424
90.2 1.3602
90.3 1.4495
90.4 1.3814
90.5 1.4588
90.6 1.4471
90.7 1.3529
90.8 1.3868
90.9 1.4186
91 1.4194
91.1 1.3869
91.2 1.4609
91.3 1.3998
91.4 1.4087
91.5 1.4525
91.6 1.3802
91.7 1.3771
91.8 1.4014
91.9 1.5064
92 1.3676
92.1 1.3848
92.2 1.5148
92.3 1.4645
92.4 1.4466
92.5 1.4228
92.6 1.4583
92.7 1.4239
92.8 1.4576
92.9 1.4493
93 1.4602
93.1 1.4231
93.2 1.419
93.3 1.4202
93.4 1.4901
93.5 1.548
93.6 1.5525
93.7 1.3633
93.8 1.4587
93.9 1.4091
94 1.3778
94.1 1.4461
94.2 1.4033
94.3 1.4257
94.4 1.3275
94.5 1.4534
94.6 1.3792
94.7 1.4022
94.8 1.4328
94.9 1.492
95 1.4351
95.1 1.3989
95.2 1.4828
95.3 1.4235
95.4 1.3736
95.5 1.3438
95.6 1.3885
95.7 1.4495
95.8 1.4665
95.9 1.4862
96 1.4961
96.1 1.3332
96.2 1.3842
96.3 1.4362
96.4 1.4594
96.5 1.3623
96.6 1.4158
96.7 1.4086
96.8 1.4066
96.9 1.4869
97 1.4142
97.1 1.4841
97.2 1.3645
97.3 1.4136
97.4 1.48
97.5 1.3852
97.6 1.4147
97.7 1.4438
97.8 1.4607
97.9 1.379
98 1.4407
98.1 1.4597
98.2 1.392
98.3 1.5384
98.4 1.3876
98.5 1.366
98.6 1.3532
98.7 1.3756
98.8 1.5748
98.9 1.337
99 0.7145
