1900663.555421825
174
 3.933131941132113 -19.57740742456551  25.79846180928965 1 2 0.001 7 0
13.31143954561552 11.29418751221545 15.02145348433229 -1 2 0.001 4 0
 5.621144480247879 -15.66424847194552  35.86204845222295 1 2 0.001 7 0
 13.61091283310602 -14.55212094193712  26.49660446996985 1 2 0.001 7 0
 7.413030633448019 -16.34938565234289  15.95426778590983 1 2 0.001 7 0
-5.514445161863827 -18.14990301617365  31.10758404818404 1 2 0.001 7 0
1.616670646099092 11.90226933104096 40.76151234224113 -1 2 0.001 4 0
-4.407060773506879 -18.57331731406426    18.804589531847 1 2 0.001 7 0
-19.12535799771134 -3.597782115466123   29.3816555832575 -1 2 0.001 4 0
 10.52241405042226 -7.418907456389645  40.07814811637124 1 2 0.001 7 0
  11.2341200132953 -3.343813463921684  8.567023252043334 -1 2 0.001 4 0
19.52234532078132 4.007080119843666 26.38996351882005 -1 2 0.001 4 0
4.332796121795324 1.890675393886598 44.20371034614651 -1 2 0.001 4 0
-3.671146414842543  10.46927892759385  41.40984020202568 1 2 0.001 7 0
  5.44637892183832 -4.639107460148249  6.091442479393816 1 2 0.001 7 0
-10.52240241421164  7.418895911738138  9.463189261937398 1 2 0.001 7 0
-11.15097389568508 -7.759215896814712   10.0897352543413 -1 2 0.001 4 0
-1.57480747634704 18.36062728862912 32.54645364945919 -1 2 0.001 4 0
 18.44860282489091 -1.147514263701391   32.4181362198879 1 2 0.001 7 0
16.82308963616953 6.241344922181527 33.60485430124162 -1 2 0.001 4 0
11.40217916398282 9.985964188852281 37.82034316501098 -1 2 0.001 4 0
10.69494043846555 5.388411013767483 40.78814577094107 1 2 0.001 7 0
 15.25635338340177 -1.984797682209029  37.55449009793846 -1 2 0.001 4 0
 18.32255546435804 -7.786113604199232  26.68784045270405 -1 2 0.001 4 0
 5.794614008018195 -9.529614390936585  41.37285518587124 -1 2 0.001 4 0
 17.62885691055946 -7.406198733583066  18.90679819426981 1 2 0.001 7 0
 8.604291585821649 -10.60390952405055  10.15745410570595 -1 2 0.001 4 0
 13.4132313744846    4.349058048135 10.58804648170186 1 2 0.001 7 0
18.16700425106476 5.727492036886304 18.67401880150295 -1 2 0.001 4 0
 17.27939159603162 -2.758317079278683  15.07861966111481 -1 2 0.001 4 0
16.31953331517581  11.5398856559235 24.19483889081756 1 2 0.001 7 0
 2.539382665713649 -18.23516039053632  32.57887088082681 1 2 0.001 7 0
-6.961663525637797 -11.24678167582018  39.77139581370598 1 2 0.001 7 0
-11.66582079208894 -13.42727751383733  33.91763956376334 -1 2 0.001 4 0
6.383522213249473 17.40281874260265 32.28106751382751 1 2 0.001 7 0
12.40515590654037 15.52311806543591 27.00061526726498 -1 2 0.001 4 0
8.132380832069035 17.66289150025655 20.10268791257386 1 2 0.001 7 0
3.050819042425553 19.65499237624506  22.7413415272493 -1 2 0.001 4 0
-3.139228637272101  8.252922377161015  6.823960079932366 -1 2 0.001 4 0
8.569268409118125 3.648180211514476 7.071839734561262 -1 2 0.001 4 0
  3.77936752535263 -18.70927518234332  18.80269064129537 1 2 0.001 7 0
-9.929482751264832 -14.09117557866262  14.62699611655356 -1 2 0.001 4 0
-18.7889150258771 4.568010150452083 29.87434132147047 1 2 0.001 7 0
 -15.4494128555641 -7.368298590720759  35.11660907406952 1 2 0.001 7 0
-16.35782581428442 0.1802395824754491  36.28200483699452 -1 2 0.001 4 0
-15.48869637881267  12.52289311182667  22.94556647216343 1 2 0.001 7 0
-18.32255546984401   7.78611352174581  22.85351155737607 -1 2 0.001 4 0
-14.64021614803003  10.43522287925225  33.53191479526848 -1 2 0.001 4 0
-8.60428272703361 10.60389904135869 39.38391412966304 -1 2 0.001 4 0
-10.08789103893681   14.7242019790415  33.79405899748258 1 2 0.001 7 0
-10.19356198196365  17.17035861765217  25.93455894650644 -1 2 0.001 4 0
-7.140852853174549  18.26894456493371  20.85702385833487 1 2 0.001 7 0
-5.346370761810193  17.15778862287877  15.99343008251486 -1 2 0.001 4 0
-12.9108003234707 11.88190586129664 15.17265887637018 -1 2 0.001 4 0
-18.86887957075861 -1.722803434200294  18.36962962518135 -1 2 0.001 4 0
 -14.04091692860963 -0.7056428260247783   10.54124344006495 -1 2 0.001 4 0
-14.15870666820267 -13.66716796976565  21.19384307142582 1 2 0.001 7 0
-17.64786607954385 -9.331344094448268  23.50334658618757 -1 2 0.001 4 0
-6.660629275502866  2.041173968190392  43.52045392783704 -1 2 0.001 4 0
-0.6718357942791119  -4.361750496847541   44.27986141684832 1 2 0.001 7 0
-6.323475963231789 -6.049271511316141  42.75428943668105 -1 2 0.001 4 0
-0.5870097445775245   11.71324645078109   8.572135308405432 1 2 0.001 7 0
2.379414225934004 14.76479380709927 11.48680301840434 -1 2 0.001 4 0
-3.196912983005944 0.7168036614672939  5.038709918301535 -1 2 0.001 4 0
-0.7712659781179011  -9.370417105423186    7.12120288773707 -1 2 0.001 4 0
-5.297282506983981 -4.899241470504028   6.11788487105505 1 2 0.001 7 0
-2.740209185660843e-09 -4.122880794419518e-08      24.77067600504324 0 20 1000000 3 0
-19.55055817448775  2.388606096168135 -28.21610601897354 1 2 0.001 7 0
 8.559304274897789  -16.2346304920069 -32.70638751995448 -1 2 0.001 4 0
 -18.69562614237435 -0.3752201621575743  -17.67720991574303 1 2 0.001 7 0
-18.01683562337893 -8.370388251706752 -27.07940634057753 1 2 0.001 7 0
-15.42691049239556 -1.986900784047043 -37.34235633198793 1 2 0.001 7 0
-16.52620379164216  10.94965263756076 -22.12980799937155 1 2 0.001 7 0
 6.944905409120959 -5.155961198242765 -6.738237487616857 -1 2 0.001 4 0
-14.50613980804967  9.953635141412837 -34.28285471901013 1 2 0.001 7 0
  1.49063179464403  19.32004090475002 -19.82107767440458 -1 2 0.001 4 0
-13.50722896631004 -7.581507233413914 -12.11541617359603 1 2 0.001 7 0
-2.908536627208951 -9.726884759915054 -42.00067980987826 -1 2 0.001 4 0
-2.626261090993884 -19.78633594772506 -23.58559693463312 -1 2 0.001 4 0
-3.920662797735373 -4.585806310148667 -5.702656102122123 -1 2 0.001 4 0
 7.091529553686049 0.3187554694887751  -6.07432593588311 1 2 0.001 7 0
-1.783102649867183 -3.839737546535661 -44.31997489478817 1 2 0.001 7 0
 13.50721799446005  7.581499697242505 -37.42595332129167 1 2 0.001 7 0
-0.4868292967209927   12.92588365787066  -40.02728770089873 -1 2 0.001 4 0
 15.73474101408012 -4.193793052250085 -13.15665878393269 -1 2 0.001 4 0
-8.415751763457322 -17.11804220736695 -18.74579956399126 1 2 0.001 7 0
 -1.34591729928474 -17.87574969008343  -15.9016559283994 -1 2 0.001 4 0
 2.835393178361032 -13.87053401291702 -10.64297926698456 -1 2 0.001 4 0
 -1.86648683261181 -11.74347998492654 -8.690160881999475 1 2 0.001 7 0
-9.362369113468471 -13.79216980639817 -13.71428691416534 -1 2 0.001 4 0
-13.23957029181094 -14.95924249229019 -25.74533792847391 -1 2 0.001 4 0
-14.30362651580359 -2.422931989163132 -11.00262877575516 -1 2 0.001 4 0
-10.93608712168765 -14.46738212019576 -33.20336784792075 1 2 0.001 7 0
-9.178280213200248 -4.950047284863348 -41.83757933969507 -1 2 0.001 4 0
 3.092154154663902 -14.18839916599272   -38.522184062422 1 2 0.001 7 0
 1.105619438201063 -19.08451015650344 -30.65051574059277 -1 2 0.001 4 0
-5.671991432740168 -15.61175610033319 -35.91622345251524 -1 2 0.001 4 0
 5.815438007561117 -19.11177923093424 -23.90563706552274 1 2 0.001 7 0
-19.39796754027224   3.33517329400886 -21.23048951370206 1 2 0.001 7 0
-11.63214974054174  10.22084544712806 -12.11350955311262 1 2 0.001 7 0
-10.90212114228364  15.33435497159684 -17.98455703287899 -1 2 0.001 4 0
 12.47299199203164 -11.45566356323479 -14.13086023089841 1 2 0.001 7 0
 10.07185444052304 -16.62093714288332 -20.06643182983447 -1 2 0.001 4 0
  14.9014666008409 -13.27383914859586 -26.05712631192234 1 2 0.001 7 0
 17.70967520654002 -9.053074340748639 -22.73262065182228 -1 2 0.001 4 0
 12.61038370674932 0.2912363029473183 -40.29303088264258 -1 2 0.001 4 0
 4.711608831584633 -9.389970269626367 -41.78888936231186 -1 2 0.001 4 0
-17.13601696421982  2.219890625998792 -34.83876690071624 1 2 0.001 7 0
-7.734735023703108  13.77263612665485 -37.04008784325013 -1 2 0.001 4 0
 8.834410220077276  16.45157003460993 -17.61270955622483 1 2 0.001 7 0
-4.405512297229008  17.04227524198258 -15.27505445037557 1 2 0.001 7 0
2.597477739825016 15.55336520198193 -12.4634592850212 -1 2 0.001 4 0
 16.73557639360539  10.78763125363903 -22.87302300159675 1 2 0.001 7 0
 13.23957021760859  14.95924252324679 -23.79601410275576 -1 2 0.001 4 0
 12.17712782646226  10.69987848151896 -13.05661313689944 -1 2 0.001 4 0
 9.178264174836256  4.950042246790058 -7.703759674216641 -1 2 0.001 4 0
 14.69496605589251  5.036912354403569 -12.17398609579833 1 2 0.001 7 0
 18.74825483428282  4.323987165781846 -19.30344452225428 -1 2 0.001 4 0
 19.96622819995715  1.049367007202196 -24.21268992023442 1 2 0.001 7 0
   19.4763403563794 -0.3381625399946501  -29.30622990500784 -1 2 0.001 4 0
  17.0915861461615  8.490930115670619 -30.75166033042335 -1 2 0.001 4 0
 5.609380745148838   18.4220271064805 -30.16880787194045 -1 2 0.001 4 0
 6.823927238684937  13.46946207730038 -37.89049458449195 -1 2 0.001 4 0
 -7.51670218068836  17.69823599900622 -30.27756437621582 1 2 0.001 7 0
 -2.95311874008372   19.6718925295576 -26.87377316048331 -1 2 0.001 4 0
-0.2653956577277793   5.805480470369275  -5.631436018881463 -1 2 0.001 4 0
-8.192792505588633  2.122514655041885 -6.647275976628151 1 2 0.001 7 0
-7.684375967416693   8.00886125873428 -8.133401787297696 -1 2 0.001 4 0
 14.64101026508925 -3.203642847466325 -38.01133061643323 1 2 0.001 7 0
 15.90582199136422 -6.956974281226549 -34.70684052783216 -1 2 0.001 4 0
 6.053032347421621  2.690101505925136 -43.64416797452577 -1 2 0.001 4 0
-4.489655709102448  3.551365504111879 -43.93142400709576 -1 2 0.001 4 0
 1.257069139799037  6.447039873343175 -43.66103969014871 1 2 0.001 7 0
-3.710072549635626e-08  1.548095803673073e-08     -24.77067601561263 0 20 1000000 3 0
 28.75340221006205  5.549917117033354 -9.125133911603005 -1 2 0.001 1 0
  29.4800251385127  11.85869692767744 -42.45058246654251 -1 2 0.001 1 0
-39.33615411048132 -1.527067425220994  38.79709582505386 -1 2 0.001 1 0
-6.210557633170342 -15.64739899836679 -60.27652140872721 -1 2 0.001 1 0
-24.01210633967224  -29.2503943193502  55.67730004262397 -1 2 0.001 1 0
41.81592243772153 -12.9894178017514 68.70466005007637 -1 2 0.001 1 0
-2.51425330250011 -35.5029837691764 38.41230171522175 -1 2 0.001 1 0
-4.426312566961982  37.93326982681091 -56.68352652969816 -1 2 0.001 1 0
-16.26574353563565  3.868091941599516 -6.732551353417819 -1 2 0.001 1 0
 9.933491813184185  38.16167565744425 0.9282562321308141 -1 2 0.001 1 0
-4.422453079821658  53.58944344344515 -53.90146255694609 -1 2 0.001 1 0
  30.3466636285881  2.612876823759927 -94.89908047553374 -1 2 0.001 1 0
 29.77273097683243 -27.70831103291144  98.24628067703139 -1 2 0.001 1 0
-8.574299748537403 -48.32310029901176 -47.46407244406235 -1 2 0.001 1 0
 12.16839479576053 -33.51962603492819   37.2772936668937 -1 2 0.001 1 0
 19.33001238956038  36.49627685965056 -81.49862743022634 -1 2 0.001 1 0
 33.98872095082065 -29.32386382094667  46.74141233441752 -1 2 0.001 1 0
-46.02690637498593  18.33683125229373 -89.12788873050363 -1 2 0.001 1 0
 -16.2597832256397 -2.675390531625065  13.34642974428869 3 0.5 0.001 2 0
  31.3005625404234  6.726925811045922 -7.550367175957142 3 0.5 0.001 2 0
18.97908564998538 5.039647425756669 29.45291057875064 3 0.5 0.001 2 0
-0.5144681113231928   20.15806483149445  -27.00896655827604 3 0.5 0.001 2 0
-21.52571735812322  -21.0057429554845 -15.24811928011922 3 0.5 0.001 2 0
 6.316993656932599  39.78023255484911 -46.14116910181499 3 0.5 0.001 2 0
 27.06502057646943  14.61403202933862 -92.86010113791079 1 2 0.001 5 0
-16.44272786360614 -40.01694547014243 -64.32397039986213 1 2 0.001 5 0
 26.97933955170585 -33.88527239101866 -20.41084089337583 1 2 0.001 5 0
 18.31052888024894 -44.31970123187848 -12.84186309918814 1 2 0.001 5 0
-4.836750298705249 -46.61276816269653   3.70391424981381 1 2 0.001 5 0
 15.9138432256776 31.96533913346369 12.28978489571623 1 2 0.001 5 0
0.1028306365243878  27.51311969461861  62.78326687578827 1 2 0.001 5 0
8.848290071535592 25.15227511386235 6.825154372081592 1 2 0.001 5 0
18.65939595127054 8.114501229215122 69.34604755622819 1 2 0.001 5 0
4.052876978671094 30.73978015348896 35.87970164066507 1 2 0.001 5 0
 36.78595573286695 -16.09528475294628 -49.59087824706166 1 2 0.001 5 0
-7.454605517408019 -45.10740582099992 -36.87749061563002 1 2 0.001 5 0
 -19.8422201242848 -6.808878911091307  5.764969903283349 1 2 0.001 5 0
-15.21213727772574  30.58939026089163  36.43118437783135 1 2 0.001 5 0
 27.56237418583885   6.27684239636427 -77.90207802361429 1 2 0.001 5 0
-51.31375052488251  13.09821624209168   46.5240590491011 1 2 0.001 5 0
5
0 66 0 67 -4.510390374977059e-16  2.310434050537245e-14      24.77067600601028
67 133 1 67 -1.287163725800278e-14  1.425466427326318e-14     -24.77067600601033
134 151 2 1 -0.133659145319232 -8.674106205413091   7.56313321602579
152 157 3 1 -1.377541292008398 -3.748645086015202  13.72438715532128
158 173 4 1  1.903068165058686  2.801321031892762 -12.15681627863863
randomstate
775329022 676499453 319725031 62064321 2699146994 2705873345 3789306958 346403508 1040294313 216730128 56370718 2565025881 4206906672 1166335630 3896978471 2934391711 2184468429 801559537 961920310 345756613 1550957175 1715238144 3634576889 961610633 2477825054 1271106265 1436394823 4034557352 1524768575 2824574649 2486004134 1489412719 3849173854 1712689088 2824165776 46683754 3195408244 1143758084 2221466815 2867433503 1893416218 268437150 1901609983 3183206031 335142839 2827432610 3036219166 2873910698 2864426299 1688557591 2312184238 2169419320 3373690085 1037100967 631525660 1386236629 376455746 753601062 277398434 4218837028 780880084 4003144364 1176402331 4195789209 2708423147 3552682040 3675596388 2378012193 2938974061 89792491 964196576 736190219 788054678 3822477637 2622741579 2990999128 472525113 2723683541 3359199360 414202366 2763450580 3405590210 765222296 1858778640 934407689 1120687065 223020164 3366746705 1605965433 3633372055 4104500814 3051847452 755208627 1074940916 2523684697 3814170783 2268445034 653568237 771190873 1496355340 1367962964 166767838 2263567155 21852999 3163109421 3741702870 2992082648 706302832 3260302931 4018062815 2609789890 535685916 651674110 53464424 540790585 2477276307 1953935113 103213882 2141648831 3679802066 2745533709 764522604 565542679 1093227429 3813462905 1886221570 2085057046 3777381788 1037091523 3566543022 948911800 490976906 112606436 4259688653 3052131654 2547381918 2486369922 3005535188 3427612914 742737790 2160102742 1178456567 3153640946 1548579968 624564240 2781189085 2460711403 778310818 3633686215 3102771476 2935395226 3001992287 2942735127 2323107364 243256386 974397610 2137130216 1103991978 680452499 2688915965 3783615239 2527917225 1526756092 4123202418 4020549249 2913255545 3745695339 3731733272 2073229673 2119610800 1340596473 512618696 335222619 1813021915 735853499 4111730679 4052053173 1329414653 199451305 3256256741 2154592152 3621607178 1416153229 1127980288 3767204061 1396223321 1172714739 4043560376 3339153622 2241745588 3571958068 709697873 1899589688 1495925376 3242187644 517353677 484156331 2543800264 2619982439 1185006068 2388628220 4184237092 535223680 1543812712 580967318 3976594271 2203359596 293378770 1472329710 3045603459 3140029238 1930644884 1604309561 3589273120 446723251 4257380371 759979238 2792456069 2547510617 3107553735 292578982 2373175756 4077304145 2762742072 2485151572 4252509752 1052965837 449542064 4240426874 1440225707 3760001157 2793155370 3666623020 1585792039 3356150814 4155269352 513212241 2197056386 3576823432 3150891914 2852924498 939923403 4160428739 1927427966 1033432819 2287951713 2006469604 1615267585 3124754909 3990066834 837339968 1394631453 306901066 4228432079 2403466961 1605893403 3363963812 2823299930 2994511974 1344263986 3340040229 1511649613 4238451791 2358585060 2879909186 3438122314 4099883087 2434560430 3819120717 2699236646 816718193 1982415533 2486236032 1013022633 2270891874 3983864948 3092727078 2413160310 2177757176 445859771 3167187435 1790852919 775708860 1778445862 4194349697 297255755 2243040830 3150677383 3166682222 482458941 2955334697 3163376401 2058544060 1741500271 2062825855 1060210075 4004602273 3433565679 3153577092 2458771913 801446543 3991603801 2331824492 2300658877 3547838438 3389323770 1648094487 3486549041 3590705405 2845858329 3178601345 1037290350 2485188319 3117066564 2923840046 613773679 2320006154 2401814786 3521738541 2191836060 2252903928 3356359479 1622770493 100081703 3680266539 70360950 2512481877 985521506 319799774 2069303070 382308194 2056174785 3022079656 1940233894 3786663172 3926011488 1829677605 2962096575 4036180442 1739162519 530218015 1914272453 2639288609 4068548557 1246533382 1896074190 4130869060 4196429199 4136413559 2046672922 147986542 3578063364 610376713 2794462217 3756771142 833666255 2320804424 1123010042 2849497504 1705555855 3943509242 3155768317 1235540172 1810963831 975592397 2862150811 3745020593 1606117082 4068978090 616225659 974579666 3228465908 1262940598 258305582 216648430 1379283991 3002138610 2058722847 832920574 127656561 850794162 2443484384 1297395695 2680551182 1951978775 1875485460 306516999 1208524848 1075899296 2460418952 811315221 262010321 2533196857 3338607805 1050318382 3064487505 3196293583 3538797088 61068247 510296934 1896198904 2643255182 676445929 1820028129 2790257958 3239290536 2204024930 2482237117 4149066360 909202291 106872301 629389661 1532968834 31422053 1997666380 1010566888 2942267612 4094029034 3055802046 4041561523 2240791875 4014350355 2941031130 1652709552 3837528113 2473917068 735292109 4022563729 3113865453 420555836 4164314236 3429514871 558794663 752778461 3626631918 1262326056 3563878339 707028305 378444911 3339677741 6884642 96467611 3782033468 1639548266 3947832094 253192258 186834587 2541623099 4279072814 840425149 2610300118 1811323302 2208452671 2222656138 2913812684 678726183 1350888927 886980821 1596214453 45100702 940754123 2919033843 1161490191 1381517505 2976192561 3225327807 3951151886 2141751532 2456834442 2254293646 1087212486 3004545409 3274274807 1315282341 2947448951 161141836 3801443373 1337804162 3971087390 929372412 1640558893 3292062499 4294344476 2400193369 3668864826 779295282 1551683367 4121797813 1632777712 3111373686 4212477811 3427688795 1286433008 2880140178 1085839686 3947458262 221767268 1610936663 2218961439 514746800 726076956 2287038968 73359950 2693933185 1048792482 3979448247 3906333168 3701579102 4138065751 3110153768 3199596852 536401591 1844894827 472479702 1594127399 981080967 3720467424 3495485357 1160629510 4239309133 2867974647 3075414465 1208514641 1849747645 3316217996 3731810210 2359961451 2834023262 2421430858 2504584577 1819985573 2877904526 2504195293 3774718836 3617459054 219913071 3102334555 2692257540 1617328496 3195790429 1851934461 1445813427 122560230 454499728 1630885328 2398826166 4224435273 1469914402 3668267835 601156375 3524328147 1078472474 2559117631 839056009 3862049277 1876692128 2875041269 1169195801 1294232178 3617110393 2669245791 1315375785 3298443842 1567706368 3855620937 3841972104 3439479079 1311312964 1910148787 2100475756 1018622145 1548121885 2830201442 3457656264 2134942638 55602226 88237268 2533224040 3545908367 631341685 469490933 1991616580 2672746041 2621171423 3428307466 454376606 1969123722 3031674987 523156077 3354564402 46332221 871715282 2492666869 497477962 3360935231 2226032560 3695417358 2989605662 3579379226 2618913116 264257459 1090759507 1228079393 3974026095 1928056933 2739046505 1961881877 2964919053 1561737058 921320476 2032963907 3458587284 4124648858 4109392961 1875453750 2165612640 2027553218 1130360005 2207108894 2681902250 4198209938 3206955128 3099461920 3919109040 136