1900663.555421825
250
                0                 0 39.87651594571807 -8 20 1 3 0
 0.4834484855845285 0.01702274383409811   39.75007312076537 186.571 2 0 7 0
-0.4834484855766606 -0.0170227438343133   40.00295877069174 -186.571 2 0 4 0
                 0                  0 -39.87651594571807 -8 20 1 3 0
0.0158065311785987 0.2266136284008095 -40.32193307269306 186.571 2 0 7 0
-0.01580653118549184   -0.226613628372282   -39.43109881874938 -186.571 2 0 4 0
-44.09089769450914 -30.95566141704387  58.64695639610907 -1 2 0.001 1 0
 35.04702533317849 -14.53279327551519 -18.67881615633432 -1 2 0.001 1 0
-1.165963262784828 -47.81227798196915 -98.48336720717595 -1 2 0.001 1 0
 -26.82117079766533 -0.4960498020921289   27.71114773576931 -1 2 0.001 1 0
 25.16204954494906 -6.782947761106445  18.22907382440224 -1 2 0.001 1 0
-21.22147456047101  10.28078341898168 -99.87482040947383 -1 2 0.001 1 0
 51.09901804385554  14.59477181701429 -53.17722891656044 -1 2 0.001 1 0
 17.16949079768819  30.35146035910267 -89.47704694229816 -1 2 0.001 1 0
-38.48121178207713 -36.80227401347275   68.0279457207179 -1 2 0.001 1 0
-31.91421330829151 -38.31501762304707 -90.77497420116049 -1 2 0.001 1 0
 36.85091635281147 -9.194404053675191 -44.84494795152064 -1 2 0.001 1 0
-3.462400223210549 -47.26742375525087  36.29477194031413 -1 2 0.001 1 0
-11.12722917040405  52.48209909683077  11.23991929295242 -1 2 0.001 1 0
 3.375999693715991 -26.12126092622582  92.37463028203453 -1 2 0.001 1 0
27.03929964015613 21.46168339615006 56.03002176589589 -1 2 0.001 1 0
 -4.92546971513454 -50.99472128126794  31.47062787246418 -1 2 0.001 1 0
-18.18907579450462  50.43690081222572 -86.85781926743873 -1 2 0.001 1 0
-2.724802871684252 -32.81972830210775  -55.5379948509588 -1 2 0.001 1 0
 24.63621936717295 -8.455770067656969 -22.41007435671906 -1 2 0.001 1 0
 14.62097363168503 -11.11105796081169  68.63557018835303 -1 2 0.001 1 0
 42.89131981295066 -29.53631754980066  80.93471725230199 -1 2 0.001 1 0
36.72239727609021 28.28177125316709 14.09665331785757 -1 2 0.001 1 0
-8.810560888155214  16.32740039563962   94.2536926576698 -1 2 0.001 1 0
 6.094419045236279 -23.25196333006939  26.39431645202076 -1 2 0.001 1 0
-31.56261435013734    18.222333919902  -32.6872371602469 -1 2 0.001 1 0
-41.17955672731119 -16.21723866587065  71.85553760842713 -1 2 0.001 1 0
29.78617507030761 9.205066837635606 84.47693842198075 -1 2 0.001 1 0
 -6.55060912758081  34.33409842509191 -22.88233106206394 -1 2 0.001 1 0
 43.32071610433351  7.427767893801498 -30.40924354838866 -1 2 0.001 1 0
41.45349040073408 35.00993974025515 7.367186189161607 -1 2 0.001 1 0
 -5.337334469069916  -20.51074614348461 -0.2138923439999303 -1 2 0.001 1 0
-21.07876984353249  7.270039728678022  12.45542723020263 -1 2 0.001 1 0
24.95906600845378 -41.2212899115742 -92.7265016937867 -1 2 0.001 1 0
-19.29366806779013   1.45812188637138 -54.25418074314454 -1 2 0.001 1 0
-42.55237794330351  33.23310043073796 -74.87912011501211 -1 2 0.001 1 0
 10.85962392200947 -7.236796820314034 -73.17924629370322 -1 2 0.001 1 0
-26.04455104939288 -45.59021002623751 -7.126742859456875 -1 2 0.001 1 0
-34.93547187431736  3.466272070412206 -76.60525847172086 -1 2 0.001 1 0
-32.23682835721645 -11.19817621520942  32.20488100740121 -1 2 0.001 1 0
 34.14520007226789  23.55995936302317 -57.59004076693223 -1 2 0.001 1 0
  2.99896374367566 -6.618836717801589 -79.30386467625186 -1 2 0.001 1 0
 1.482222828886227  37.74575266995406 -1.155687306330092 -1 2 0.001 1 0
4.390508517261798 -32.3464851714601   1.5931766665501 -1 2 0.001 1 0
-38.23055699901869 0.8463200675560589  1.505661873059545 -1 2 0.001 1 0
-16.26383246919426  50.66549271908903   63.9678510315929 -1 2 0.001 1 0
 12.94454317797394  -31.7824524713122 -82.01899589644528 -1 2 0.001 1 0
 31.69064522437192  28.30688989290868 -92.54629575626805 -1 2 0.001 1 0
 18.46900580902496 -15.69126634528488  17.75962733850443 -1 2 0.001 1 0
-42.06565426751973  3.689066668884914 -52.77578213537825 -1 2 0.001 1 0
-0.5646794545581635   1.461217545596565  -5.471458544706405 -1 2 0.001 1 0
 41.03453607646402 -23.43035676010491  66.32477520329815 -1 2 0.001 1 0
-36.33091428933703  -15.5190581386379  -43.4974797228012 -1 2 0.001 1 0
-36.77373551086476  2.460775097359031  -95.8300073145755 -1 2 0.001 1 0
 19.66181693001536  -28.9493144485557 -28.67489768162413 -1 2 0.001 1 0
-37.23601557264097    21.057466462333 -40.43306958446404 -1 2 0.001 1 0
-33.95316877455704  32.30387710425451 -29.59531836458572 -1 2 0.001 1 0
-6.895225185004211 -17.45220798300806  70.36811087650348 -1 2 0.001 1 0
-3.381778935486098   52.2515027877945 -46.13519975121081 -1 2 0.001 1 0
-6.867273692640421 -2.469931965921331 -61.94362713572966 -1 2 0.001 1 0
 4.626559364497716 -49.32994008226112  51.98639757279712 -1 2 0.001 1 0
42.54329372123196 21.56858674745297 66.82086656394289 -1 2 0.001 1 0
-1.348526652748174  33.32083108884499 -21.76228120094975 -1 2 0.001 1 0
-47.15605027689077 -3.288207104341275 -88.95590996969688 -1 2 0.001 1 0
-24.62310410546126   33.2991268257971  -78.9815237357316 -1 2 0.001 1 0
 15.04562192621678 -38.08880441537027  32.15233573376829 -1 2 0.001 1 0
14.60582759622498 27.43484172811662 74.58120972318257 -1 2 0.001 1 0
 29.37207039460256  2.252417427143046 -50.65455940525538 -1 2 0.001 1 0
 37.91287999022605   7.21028907172542 -50.37481640259715 -1 2 0.001 1 0
-8.849723254910074  52.58312418350026  24.52901056407785 -1 2 0.001 1 0
 34.34593605111995 -7.088468682260345  90.67653195228156 -1 2 0.001 1 0
16.90121378527517 42.32905173491255 62.87584300530094 -1 2 0.001 1 0
39.66179625215536  13.8637266963542 34.73061413670442 -1 2 0.001 1 0
-25.44895761331741  -35.6675232496701  45.61460944820963 -1 2 0.001 1 0
 3.594215400386341  10.90787867258144 -69.49923277908553 -1 2 0.001 1 0
-35.03639185691803 -19.61546200655707  5.383889991203684 -1 2 0.001 1 0
-21.89396744127743 -22.45690328744441    -97.97378202279 -1 2 0.001 1 0
 41.72114749041059 -4.665486910682411 -14.60663196869718 -1 2 0.001 1 0
-4.767980687020143 -27.79656340841722  61.29129054485026 -1 2 0.001 1 0
 32.79712665940692 -36.65533846301992 -14.23548016438593 -1 2 0.001 1 0
-20.39328828963441 -37.62064844302799 -50.45987781713936 -1 2 0.001 1 0
-14.75424167895511 -46.51363857098198  49.36757616511859 -1 2 0.001 1 0
-12.57073467801358   18.0451710769185 -57.32295730554733 -1 2 0.001 1 0
 48.94092644655177 -13.48175825211637  47.16663944549585 -1 2 0.001 1 0
 22.02978115768043  -10.8283468976548 -56.75048054367121 -1 2 0.001 1 0
 21.06487561079823 -24.43190629189668  97.77941547076082 -1 2 0.001 1 0
-1.174437486822082  44.69350881528036 -23.28972095954485 -1 2 0.001 1 0
 24.99173822665688  31.77029073238566 -31.92074821759143 -1 2 0.001 1 0
-0.2339029094043994   16.46410577152817   83.78395097520971 -1 2 0.001 1 0
 20.31080648236247 -18.18660242260892  -15.9541425312611 -1 2 0.001 1 0
-28.4098871590065 9.090753820637373 69.11804244087135 -1 2 0.001 1 0
 8.179963735681849  22.82141135435814 -78.48261631445851 -1 2 0.001 1 0
-19.74391785200676 -36.91014717005121  5.930874645850444 -1 2 0.001 1 0
29.94924356329517 18.17141183631504 77.29592282421866 -1 2 0.001 1 0
 48.13594757332697 -3.256539257961673  70.85579725755282 -1 2 0.001 1 0
-33.93017258580606 -38.74879222428187   86.4894947689706 -1 2 0.001 1 0
 12.58427731938517 -33.29161729996754  91.52720882640834 -1 2 0.001 1 0
-21.32419592240126 -21.94910884817025  70.93722144848161 -1 2 0.001 1 0
-25.19312195215317  25.08072107264032  34.06888084914013 -1 2 0.001 1 0
-30.08497453006088 -25.88334258740492 -39.69598350887107 -1 2 0.001 1 0
-12.09380367607051 -34.95467197178299  32.44082257397279 -1 2 0.001 1 0
24.18297316993388 34.35127066262888 39.56246046969926 -1 2 0.001 1 0
-21.10464165846235 -50.39242878332399 -81.69579536108407 -1 2 0.001 1 0
-29.01165322479068 -32.95346679438562 -4.597092671567106 -1 2 0.001 1 0
-11.31925396914438   -21.235850203146  74.21870064347259 -1 2 0.001 1 0
-10.53551465536052 -41.35986973926101 -9.966971383736583 -1 2 0.001 1 0
 31.34408492511459 -13.32336481701376 -95.81383344611903 -1 2 0.001 1 0
8.814383080242887 30.65158713970848 8.121991631516451 -1 2 0.001 1 0
-28.38314755247089 -23.99185113046231 -32.70284405928152 -1 2 0.001 1 0
 18.58157100473063   44.5511889515297 -50.47483475300406 -1 2 0.001 1 0
-6.964526461604461 -27.39788718565498  19.95230979968161 -1 2 0.001 1 0
18.13545650953038 34.41619106142121 4.555337405182311 -1 2 0.001 1 0
-23.83406340284747 -6.011699426195497  10.46249749955941 -1 2 0.001 1 0
  28.910828015517 4.388873782520751 37.92753830860853 -1 2 0.001 1 0
-51.61652528659873    4.7054045774179  -94.4513937020813 -1 2 0.001 1 0
 21.53691763561768 -29.34060722228971 -58.26588421877133 1 2 0.001 5 0
 38.73345472963025  20.52035719086538 -37.62689926999385 1 2 0.001 5 0
 38.94671822024227  -12.8639130917331 -65.40281830476638 1 2 0.001 5 0
-20.76572194146238  36.56563981957216 -1.954855981369285 1 2 0.001 5 0
  -11.822988470116 -10.81219061471985 -78.04058974764561 1 2 0.001 5 0
-50.51107956866806 -4.206709841837432  12.01411266358087 1 2 0.001 5 0
-50.90590812333063 -14.23160556375135 -69.66206740083604 1 2 0.001 5 0
-1.351713643549544  44.09894065432478 -2.405527479790511 1 2 0.001 5 0
 14.83405132401016  40.21664887510236 -16.79110097020637 1 2 0.001 5 0
-31.83678033705367  -22.8471790998165 -52.52545153442375 1 2 0.001 5 0
 4.68034771991856 22.41433930483903 33.58132778234678 1 2 0.001 5 0
-36.62125862126842 -10.28715726395551  36.34420707502814 1 2 0.001 5 0
 -46.9050646842086   17.5841744416002 -41.24958836045239 1 2 0.001 5 0
 -20.6091277102924  37.04340696036785 -8.419768633018528 1 2 0.001 5 0
 44.2876782213717 21.79190079964951 85.55808683890736 1 2 0.001 5 0
37.40624943577201 23.57324450791059 75.06402031956856 1 2 0.001 5 0
-4.828412386748155   24.9007683201644  14.17126506850223 1 2 0.001 5 0
48.75091880041979 6.673319815703099 87.63448327073613 1 2 0.001 5 0
-20.73175855766878  10.98229975472685 -6.840147708791682 1 2 0.001 5 0
  30.8307084657545 -2.699810300052284 -44.82658187146794 1 2 0.001 5 0
 27.71781129860724 -42.28505718763293  61.68829388346678 1 2 0.001 5 0
-20.41851512016499 -40.94869474262883 -52.55044937334713 1 2 0.001 5 0
23.62508706049786 38.39151252554622 72.00727828395785 1 2 0.001 5 0
-38.17224675151388 -7.699624643114717 -65.13861400725941 1 2 0.001 5 0
25.62614934928253 47.35158075231146 19.42226808800157 1 2 0.001 5 0
33.40969283872074 4.446345304475329 95.27946793209934 1 2 0.001 5 0
 15.78466261921112 -18.81239878851363 -31.81989783935007 1 2 0.001 5 0
 9.293048319629573  17.61769916703919 -1.076955496109765 1 2 0.001 5 0
-31.15921906489228 -19.04267452139099  20.08270119465579 1 2 0.001 5 0
47.72020860016975 26.37392663598172 34.62350750381049 1 2 0.001 5 0
-2.981533537615168  36.85912266469781  24.31927296975054 1 2 0.001 5 0
-22.11829983086802 -39.01903444095117  59.86723838229517 1 2 0.001 5 0
 17.60771277168187 -36.59825732715351  23.11820397644041 1 2 0.001 5 0
  7.70105948466604 -35.27260498495386  4.113054228555079 1 2 0.001 5 0
 3.188379367870507  43.35049098840753 -76.19202464025935 1 2 0.001 5 0
 8.43886845170679 7.765911222143385 -85.7777088418318 1 2 0.001 5 0
-25.95966258642169  -25.7234040958306  69.92084680965594 1 2 0.001 5 0
 8.687644087534231 -4.746206699282833  97.81779626176107 1 2 0.001 5 0
 26.78002455031235 -4.538386338169239 -24.74114648389313 1 2 0.001 5 0
-1.878191503710378 -27.04983333302979 -43.84615200008479 1 2 0.001 5 0
-18.75442955000997 -2.067461760315995  3.677965582137594 1 2 0.001 5 0
 22.42031883898609  26.40821097583339 -91.98532220002177 1 2 0.001 5 0
 6.629173068329473  54.35885258984276 -20.60045106145234 1 2 0.001 5 0
-39.99310053254251 0.9314870813151437 -79.38971571082165 1 2 0.001 5 0
-34.13527980009682 -4.038858488124855  87.03634556259595 1 2 0.001 5 0
 10.26880520827339  31.27487751050691 -80.09243858349728 1 2 0.001 5 0
 29.46900148417721  2.654084515918278 -32.63012128174032 1 2 0.001 5 0
 28.86213608211533 -36.39779444276918 -80.99411941419424 1 2 0.001 5 0
 15.15555925845484  26.76824706704095 -36.19932451791639 1 2 0.001 5 0
-48.08140804187269  1.299993118245876  64.36128691795822 1 2 0.001 5 0
-10.28996288289187  21.56478354213721   54.7430563364674 1 2 0.001 5 0
 41.77325071756179  12.62755249458603 -54.73954874863527 1 2 0.001 5 0
-8.851725230385988 -23.88347565673554 -2.273464043177583 1 2 0.001 5 0
-14.83926784090853   6.77176537279276  19.51243746952899 1 2 0.001 5 0
 20.57414111036828 -33.68140282961247 -30.21570564159492 1 2 0.001 5 0
 36.91600203281004 -15.44608775377178   35.1100525900132 1 2 0.001 5 0
 21.46370853815811  32.12483053907911 -56.76365321162734 1 2 0.001 5 0
 35.93294677636574  27.25600558610494 -82.52018556827944 1 2 0.001 5 0
-23.56544648027588 -20.53750221736257 -41.28312495007532 1 2 0.001 5 0
 13.69596778395715 -29.54159136446292 -28.05502699995228 1 2 0.001 5 0
-12.20586474119772  25.22142166011949 -10.76810171621277 1 2 0.001 5 0
 52.99468783751541 -10.77736241791516  64.75704928734206 1 2 0.001 5 0
-21.76393993919552  44.42257504958613   61.6177083673573 1 2 0.001 5 0
-11.61858216315153  46.87352706662872  29.90161599736437 1 2 0.001 5 0
-20.63278464584862 -45.02546836863489  2.736593610182972 1 2 0.001 5 0
-31.71388163611404  12.42341550680808  57.49503719353913 1 2 0.001 5 0
31.46226905666475 44.08693689608172 50.23439543626581 1 2 0.001 5 0
  9.67132912033947 -42.82422593035915 -90.79276595889529 1 2 0.001 5 0
-24.29642847259028 -17.46200383051202    32.275642207205 1 2 0.001 5 0
-15.17221871755827   12.8907268137415 -23.69976178845368 1 2 0.001 5 0
-7.877334336708991  1.577931249548392 -12.59590717301439 1 2 0.001 5 0
 17.32246821547524  -3.81775701403474 -18.19354868789206 1 2 0.001 5 0
-20.88507033604287 -2.627870694534433  34.84469843933775 1 2 0.001 5 0
-5.354270345244856 -12.41376092907924  77.21119692370826 1 2 0.001 5 0
-38.59198672786871 -4.427294494465736 -17.78376844122118 1 2 0.001 5 0
 54.18738336986262  5.142400575958058 -98.85787647353358 1 2 0.001 5 0
20.72979570336352 14.40393270007043 -85.8131509953825 1 2 0.001 5 0
 37.85354100280306  13.57608598216234 -86.08950416537695 1 2 0.001 5 0
-12.21016919178501  20.44911768310769  12.85866094174186 1 2 0.001 5 0
-30.43018334125373  3.103484492213987  28.28122834489707 1 2 0.001 5 0
-19.23295235731666 -34.29556337877663 -6.179458091344224 1 2 0.001 5 0
 -6.09526053457386 -15.26518035497501 -4.501943278418466 1 2 0.001 5 0
-22.13761935023278  9.638733498275361 -42.03780311006157 1 2 0.001 5 0
 5.027156879347674 -23.48832339129445   16.9159081988694 1 2 0.001 5 0
-29.86343641563333 -36.16029521953223  16.97390894742519 1 2 0.001 5 0
-23.00761953518855  24.70634856989323 -46.59140735547621 1 2 0.001 5 0
  -33.925731227064 -19.45911155277514 -35.20539253792643 1 2 0.001 5 0
-47.31949690911124 -12.78865279297139 -29.82289834172411 1 2 0.001 5 0
 6.785248582229741 -54.14567232067265 -23.98264021197115 1 2 0.001 5 0
15.22980046025282 9.653711491380005 65.56977119536946 1 2 0.001 5 0
 -29.3037146147855 -39.04500745131735   62.9635521335567 1 2 0.001 5 0
 32.43682232529417 -18.39882088694078 -73.73666332880168 1 2 0.001 5 0
-12.98650737709032 -19.39203179452545   28.7544596334875 1 2 0.001 5 0
 31.86475935751736 -30.17049832078491 -91.64860896148281 1 2 0.001 5 0
 5.852957052227729 -19.02682641856639 -15.85206159257823 1 2 0.001 5 0
29.44946717657236 3.845579862199656 77.76194966040711 1 2 0.001 5 0
9.972775797785907 9.041745745596034 12.24902642655823 1 2 0.001 5 0
-17.21475008362373 -42.25677206357766 -86.80073913812515 1 2 0.001 5 0
 22.25255827527489  30.92043112801285 -23.40089029352268 1 2 0.001 5 0
-4.942731750851934 -47.87518069943017   51.4393316785626 1 2 0.001 5 0
-54.14191197612332 -7.145066312158415 -9.114545942879113 1 2 0.001 5 0
-35.16218163108562 -20.77492947607091  63.37419403892506 1 2 0.001 5 0
26.32941679310461 -32.5659846381556 96.11859942612504 1 2 0.001 5 0
 -22.6086256539993 -39.59548344534282  43.38683772201394 1 2 0.001 5 0
-1.176390626409777 -38.80835445811768  40.26692542762406 1 2 0.001 5 0
 -2.22102453307714 -36.51958220819803 -65.57602830191745 1 2 0.001 5 0
-25.05699661312577  9.017162536306268  61.70083850191905 1 2 0.001 5 0
-15.66110994551124 -38.14878771327486  70.34316518516707 1 2 0.001 5 0
-8.252220716899593  31.49579642793586 -6.126881974211486 1 2 0.001 5 0
31.18381771098618 43.20191689743253 19.27664803302655 1 2 0.001 5 0
 22.85504938325976 -6.259042453805606  22.27347000842725 1 2 0.001 5 0
35.65759212147196 18.70147400876842 47.57237552165978 1 2 0.001 5 0
 -28.0998072749009  17.34301367695747 -30.20658162613708 1 2 0.001 5 0
  32.7725476718781  25.78721464379928 -24.81508987028377 1 2 0.001 5 0
-5.352017285303512  26.12794473126122 -80.35748574927206 1 2 0.001 5 0
 -10.1527737608449 -26.11166420869576  60.95173474182448 1 2 0.001 5 0
-10.79383325030297 -49.08524447402876 -1.821227466423832 1 2 0.001 5 0
 40.86731459600788 -8.020345869125372 -18.97544010237716 1 2 0.001 5 0
 36.94194948174315 -33.38125767324181 -10.05131596766578 1 2 0.001 5 0
-21.60970383445069  23.39681201232095  37.30452234625903 1 2 0.001 5 0
 31.06476134414224 -42.14930876305952  82.26166573596316 1 2 0.001 5 0
-33.75652602699878  37.98588398496733 -41.45200727803444 1 2 0.001 5 0
34.04996212763648 20.56052551467021 71.41592847528634 1 2 0.001 5 0
-42.86944510841765  19.00297138639981 -75.05185902143333 1 2 0.001 5 0
3.024347096370619 22.13232570406452  75.3171640274354 1 2 0.001 5 0
 -42.6161175563991   23.3929907407464 -37.43637963724298 1 2 0.001 5 0
-8.010211145097832  52.58279143601066  66.53843311695027 1 2 0.001 5 0
-19.00447016093511 -45.15674315904614 -20.39647825295266 1 2 0.001 5 0
-26.01282718927039 -23.98610971366369  47.64693221050103 1 2 0.001 5 0
  35.0587836340543 -10.07638823252514 -40.87393849508963 1 2 0.001 5 0
4
0 2 0 3                 0                 0 39.87651594571807
3 5 1 3                  0                  0 -39.87651594571807
6 119 2 1 0.3585946037499568  2.842401207746789 -2.507492427463589
120 249 3 1 0.2904675819142781  1.487912414258275 -4.915015094900859
randomstate
4233246628 66135326 888459097 1210965885 1374232929 3399396508 3629190718 2865463953 4097933892 2776281142 1717807771 1252819573 1098687104 2883899368 828080966 584024103 4053261468 2925836407 2392977731 2061450229 3943041901 1328296453 4034597123 3412381713 4047609026 2666039331 4072897235 291258980 171896942 2357274798 2894882101 3036117577 1635552449 353977799 507995040 561967908 3225437601 3526352162 1442414278 3160328758 664969893 2214645931 1465495378 2634410184 1655742581 1957792866 200542041 2902815328 1418496027 2947297449 164203282 2794917384 147348734 2909607971 3892332847 1297594433 733108725 2747910827 4013651868 3486505594 3563540678 1787281932 3413993607 2235926951 104405855 2234118559 210304345 3616394091 3131607178 145138138 1007497225 2423273521 759897540 1557464544 3031751213 965138483 401894610 1223938398 1308652219 1853418872 1907437860 2121333372 3615889703 720978593 3734913219 1782040825 3928283535 3989703004 1104574704 3621006491 3455943031 2364629810 3771478321 1671040454 799854660 887097699 2647870633 1967423387 2253250335 3594458667 2559588368 1852572630 2601087361 570099923 712513271 433902941 1115520932 289155978 1241201830 1108539248 1699789941 2955655389 3890399433 952830982 3366092987 2703128614 384970203 686243685 756294402 2768779105 2206928861 3947823176 3407936035 2399107075 1647080866 3095899972 2586693521 3753576847 317262873 681688101 1184014845 2414209429 3856483811 2137074353 2811472748 4015974287 1696501065 3934145522 915841917 1206023509 3356579361 1878364624 318868514 3083644456 1703572845 253262599 2553164420 3345884979 3292835799 108791349 901205386 1566240282 1803618695 901648557 4234035628 3261948818 1395404217 2024110232 1397801633 3246016793 3534831991 777157742 1670546395 798892206 1556681687 1736746250 3419147544 3438343127 3351567749 2412322586 690238579 349096535 3204433235 1836572673 155085145 1123300868 1048352090 3737845536 2210160194 3773097890 437684843 2962779370 2649631191 1456420015 3211028994 2125205295 1883234035 2261258347 2119120216 647961084 266909982 1955771322 4045680395 3184823615 796941402 155032945 4083079786 3704761023 3974745292 2275513688 2354639794 3485611404 1208169047 4059944952 1669706720 1408227299 2165041177 319492592 3058527459 1281510029 3083070019 2911491939 1048037872 2221116335 1323501409 4201845757 4200684386 1834601365 3795289675 3997998293 2661322969 1153496521 2730687346 4076905448 540490063 1672311750 1508974812 1227757546 2224782455 4000951208 1502759564 2892894416 2561347490 2927701162 479834240 2462661349 673168269 3931638549 3468802112 360430279 1249976007 607484417 3427680684 1418701803 718663627 783995185 862386383 1286346379 3823641030 2972793100 2635388992 4211389987 664183263 3403540293 64756691 1097420325 753752475 1273244402 2174305417 2184720870 1035452488 3439426508 1938438303 2162426856 1247754631 2714660424 2869196823 2096147329 3620587195 662656423 2257444209 2127424300 2446483422 968062648 4277122208 2515226670 455275072 443076321 3147427648 374156332 4060422021 2013678533 878538959 925383904 3058307572 2514018167 231013843 1610490705 3354255970 3035265263 3956785711 4193645459 2920401281 1619133279 3700629250 3332950734 3358998895 142132499 1941386430 3819489301 2859293766 3067411722 620661231 1455493842 3691415279 470488321 3935865754 1317667943 1091648116 2617266624 3432640436 1661578544 2622921320 596602381 2638149096 4274333965 2886650187 540628935 2919994973 2246332947 2429122649 1473428561 3856349269 4121072315 1867265656 3677845553 933327190 3846531869 4181277439 554409823 2855480753 87423828 4260687126 233992146 740843117 3557111649 835969792 2998338535 1658744633 683163985 2899390719 2045869611 3065353412 2454700509 4183579583 903070874 4140775028 1507868182 1438399893 1538835741 525052045 703155116 3394173823 1277682669 2801835949 2968976150 151333182 1947133794 2679559635 3562051722 3774670776 601927275 1108943940 1877987592 3191777548 248355830 2507695251 3297073850 2519579942 4159005768 4188460925 2439399929 1556132897 2563040988 3222686059 1831064114 1948320236 3383441065 652395717 2628394109 1121689760 2625397683 3792050192 111799674 3554921547 1994243489 2612811799 3620507402 1220896373 1471369290 2307382592 241216777 680417954 2884536961 3567857976 697818402 204404647 345783361 3184842775 788351911 248570807 3090731738 612945104 3673252453 1099363569 2299087333 1791528549 266624687 910002839 1532837379 1799267425 354126618 740190407 935535914 2766938937 106565335 4149695402 4151319362 3038241728 2970166021 771245316 1782642453 804556314 1387351491 2772023647 7020946 608559905 557070962 3763536500 3581493765 4025134207 62122925 3070066757 2084959748 3458539073 3994778743 1115544300 3431670108 1654982999 1185919742 2924221378 4026322455 3366522179 4125397197 3502254578 2249819038 3919343841 3803189937 4195673559 681747635 3778674686 984294400 2559357144 1343525365 1221577729 947949073 2853461671 3149741020 1182452919 1247921301 4197341507 3679560579 3414745983 555723594 1084129995 885692400 2896305449 1560036832 1502937635 2770899297 359733725 890391166 2685008795 3622377122 2168736170 2050683371 1663043772 3251574041 1459321020 789176105 3685436370 3769221859 3073687766 1709813783 754884655 3536004245 862207581 4168596630 409302934 659604699 1576505859 2434414284 1567404470 1136178827 694703524 2536973016 3399922042 865678238 683445661 2105203355 436760568 3718383046 853991310 567453081 4217248406 3918430489 3461214866 2881990225 482733749 3572525134 1796357990 482161718 1310522014 2173494525 1741539324 1626455749 1763086801 3033910244 3960026984 640523969 1936411385 4042383993 298823163 710194944 2953654345 430972138 1527663555 3460298742 548614347 2893229071 2448608276 3795432179 3855114453 2108031221 295683618 3639799096 1867322006 3418576424 948891262 3471984842 2329426477 2970299221 276579198 191171137 3940323983 3805316285 4051882587 1768335929 3743243496 635796556 1151616091 3022271461 2428053072 1330633925 3839677418 3211278953 1775114454 4249278243 850136598 1813688210 1267582254 4008759835 4010435972 2019439212 3753452403 3515960237 1074484836 3771825112 927579694 1519347131 1812992551 2181158452 2939088289 4294670361 295916596 2305315319 4186947978 3454331049 1881491398 565050161 3912464170 1464798469 2071053010 4293577731 1484440773 516351155 1893947162 3356655522 1460396397 3147505839 1299845849 745258798 1708331796 282219564 498615637 2619844461 187712539 81962931 668987929 1592413773 2792494935 1184348150 3803097287 130050059 1711316584 2798843864 1313428113 2506025358 1292633369 836859876 873199823 2000234091 3167473040 1077659464 1624240325 2896408850 1112089619 3223836786 3712191576 3546238761 2205435867 1287745752 3547347477 1913121909 270